289,51,0.74,0.24,0.33,0.1,-16,-15
136,1,0.16,0.01,0.4,1.5,-11,4
131,-11,-0.17,0.08,0.43,0.5,-11,-4
-176,11,0.29,0.02,0.66,-1.6,-12,5
453,3,0.25,0.2,0.2,1.6,-8,-21
86,-8,0.15,0.08,0.46,-1.7,-9,-8
77,-47,-0.31,0.04,0.6,-0.6,-18,13
6,-20,-0.32,0.13,0.59,0.5,-18,4
579,-39,-0.21,-0.11,-0.11,0.4,-10,21
-409,-23,0.36,-0.02,0.91,-1,-7,-22
-526,28,0.19,-0.18,0.97,1.6,-6,1
64,3,0.57,0.35,0.52,-0.9,-20,-3
19,-45,0.28,0.07,0.65,0.6,-15,4
195,-21,0.39,-0.08,0.41,0.3,-6,8
-22,-34,-0.48,0.04,0.69,1.7,-8,-1
-76,-54,0.24,0.05,0.66,2.3,-16,9
-139,-26,-0.63,-0.07,0.59,0.7,-12,13
-347,-36,0.25,0.05,1.19,-0.5,-8,-3
-82,46,0.15,0.11,0.69,-0.8,-9,-11
297,-24,-0.35,0.03,0.24,-0.5,-12,2
36,26,0.14,0.14,0.51,0.5,-6,-16
1,-20,0.14,0.08,0.49,-0.7,-10,-6
145,-27,0.54,0.16,0.43,-0.8,-16,-11
109,-30,0.14,-0.02,0.4,0.5,-9,6
-126,18,-0.11,0.09,0.65,0.5,-9,-13
212,-5,-0.19,0.17,0.52,0.5,-18,-2
149,-20,-0.1,0.07,0.41,0.5,-12,-6
-119,2,-0.36,0.07,0.98,-0.5,-17,4
-22,11,-0.87,0.12,0.65,-0.6,-21,0
15,21,-0.06,0.31,0.68,1.6,-9,-32
224,-17,0.2,0.17,0.91,-0.8,-16,-4
-177,-50,0.52,0.03,0.65,-0.8,-20,19
166,-18,0.14,-0.09,0.32,0.2,-13,17
-26,6,-0.07,0.12,0.75,0.7,-11,-11
297,-36,0.39,0.27,0.5,1.1,-15,-19
19,6,0.59,-0.02,0.47,-1.1,-11,9
406,18,0.31,-0.03,0.12,0.5,-5,4
-72,-44,0.19,-0.11,0.5,-1.1,-8,11
59,12,-0.33,0.01,0.46,0.8,-11,4
510,2,-0.12,0.19,0.17,-1.8,-13,-6
295,-7,-0.4,0.44,0.45,0.1,-7,-13
-437,63,0.4,0.3,1.16,0.2,-8,-31
73,-14,0.29,0.03,0.45,0.4,-13,4
310,-29,0.09,0.05,0.22,0.4,-13,5
26,-40,0.44,-0.03,0.48,-0.7,-14,9
212,-8,0.47,0.17,0.37,0.6,-5,-26
-145,-4,0.02,0.07,0.77,1.3,-8,-6
432,-4,0.14,-0.05,0.09,-0.6,-11,9
-175,-27,-0.28,0.02,0.77,0,-9,1
-328,-20,0.65,0.14,1.1,1.2,-17,-7
-403,-3,-0.14,0.14,1.02,-0.5,-13,-7
498,-24,0,0.14,0.08,-0.8,-13,4
-134,-41,0.22,-0.16,0.57,-1.8,-13,21
-222,-40,0.42,-0.02,0.79,0.2,-6,2
-321,-2,0.46,0.07,0.82,-0.8,-11,-3
168,-34,-0.35,-0.02,0.35,0.5,-11,6
-20,6,-0.78,0.19,1.2,0.4,-14,-3
151,-55,-0.02,-0.1,0.3,-0.9,-7,12
358,-22,0.1,-0.01,0.41,0.5,-13,7
109,-24,0.15,0,0.68,0.3,-6,1
104,-21,0.28,-0.03,0.43,0.2,-12,5
353,-37,0.64,0.13,0.21,1.1,-14,-3
-324,1,-0.08,-0.11,0.78,2.9,-3,8
-58,-35,0.59,-0.01,0.55,-0.2,-12,7
-171,28,0.51,0.08,0.76,-0.7,-9,-5
140,-24,0.49,0.08,0.43,0.4,-6,-10
55,-6,-0.38,0.05,0.47,0.5,-11,1
-60,-34,-0.79,0.19,0.93,1.1,-17,-6
235,57,0.31,0.1,0.33,0.2,-6,-12
-377,-68,-0.11,0.04,0.87,-2.3,-18,14
-36,-10,0.38,0.08,0.65,-0.5,-6,-9
132,-7,0,-0.03,0.37,-1.6,-8,4
-3,-29,-0.19,0.01,0.51,1.8,-5,-1
-557,24,0.47,0.21,1.09,0,-6,-20
104,6,0.46,0.11,0.59,-1.2,-22,11
-159,-5,-0.22,-0.1,0.63,0,-15,19
-142,-14,0.18,0.07,0.64,0.6,-14,4
204,-61,-0.36,0.09,0.49,2.2,-4,-10
-159,-15,0.23,0.23,0.74,1.7,-6,-24
305,-2,0.46,0.03,0.38,-2.1,-9,4
118,-45,0.19,0.02,0.45,-1.8,-13,5
-274,-5,0.2,0.03,0.78,1.1,-6,-5
-132,5,-0.03,0.07,0.62,0.1,-9,-6
326,-4,0.21,-0.09,0.17,-2.7,-11,16
6,25,-0.12,0.07,0.53,0.5,-13,-2
150,12,0.28,0.1,0.4,0.3,-13,-5
-121,-12,0.38,0.12,0.62,0.3,-7,-12
9,11,-0.22,0.13,0.77,-1,-22,2
320,63,0.07,-0.02,0.21,0.9,-5,1
-474,-24,-0.2,-0.02,1.03,-0.3,-19,11
155,8,-0.71,-0.11,0.33,0.6,-15,18
-124,23,-0.09,0.17,0.67,-0.5,-10,-15
-213,-10,0.06,0.03,1.58,-0.3,-12,8
493,21,0.19,0.01,0.06,-0.3,-6,1
-36,-2,0.62,0.09,0.56,0.5,-12,3
33,-14,0.27,-0.03,0.87,-1.5,-7,4
-109,-37,-0.21,0.23,0.87,2.8,-15,-13
58,15,0.25,0.09,0.47,0.7,-7,-9
-250,-21,-0.11,0.17,0.87,1.2,-12,-13
-79,4,0.21,0.18,1.15,-0.7,-14,-9
-186,5,0.14,0.21,0.75,1.8,-14,-12
71,-33,-0.09,-0.21,0.33,-0.2,-6,23
-82,-16,0.07,0,0.56,-1,-7,2
32,-10,-0.14,0.15,0.64,1,-6,-15
-57,-22,0.18,0.19,0.7,-0.5,-14,-13
-1,-33,-0.21,-0.03,0.57,0.7,-11,8
161,-65,-0.41,0.11,0.39,0.7,-14,6
-73,-1,0.05,0.02,0.58,0.8,-7,-8
70,27,0.31,-0.08,0.62,-0.2,-8,9
120,-41,0.03,0.02,0.8,1.1,-14,6
-261,-69,0.02,-0.26,0.71,1.1,-10,11
75,-22,0.55,0.05,0.49,0.2,-11,0
166,17,0.12,0.34,0.97,-0.6,-21,-13
-245,67,-0.23,0.14,0.8,-1,-12,-10
117,-35,-0.07,-0.01,0.66,1.6,-5,4
259,-17,-0.02,0.2,0.45,-1.3,-20,4
-272,3,0,0.03,0.74,0.2,-6,-3
-250,-5,-0.03,0.08,1.12,0.1,-17,-4
-68,8,-0.06,0.1,1.15,0.5,-13,-2
328,-46,0.12,-0.09,0.22,-0.3,-14,16
162,-12,0.05,-0.04,0.34,-0.1,-13,11
-284,-53,-0.31,0.02,1.04,0.3,-11,4
-19,-2,0.46,0.03,1.15,-0.9,-7,0
88,-20,0.14,0.05,0.53,-1.1,-8,-3
405,-41,-0.38,-0.09,0.07,0.6,-7,19
-194,-26,0.09,-0.03,0.63,0.6,-8,5
-386,-32,-0.26,0.03,1.18,0.6,-11,-2
-181,10,0.09,0.03,0.76,-0.9,-11,-1
521,-16,-0.35,0.1,0.07,-0.5,-19,4
370,-30,-0.14,-0.15,0.1,-0.5,-13,23
-212,-31,-0.16,-0.14,0.65,-0.4,-6,11
296,-16,-0.32,0.12,0.29,0.7,-9,-19
155,-29,-0.14,-0.12,0.39,-0.6,-7,13
23,-9,0.12,-0.04,0.46,-2.7,-13,11
90,-17,0.25,0.06,0.43,-0.5,-7,-10
-344,5,-0.32,0.04,0.84,-0.4,-12,-1
-244,-17,0.16,0,0.72,1.5,-8,2
310,-18,0.16,0.24,0.27,-0.7,-11,-3
180,-44,0.29,0.04,0.36,0.3,-18,9
-136,13,0.35,0.18,0.94,0.2,-13,-8
-196,-27,0.15,0.02,0.7,0.7,-6,-1
323,-17,0.09,0.04,0.24,0.7,-6,-12
-278,-9,-0.22,0.17,0.85,0.7,-12,-14
164,-18,-0.47,0.19,0.54,1,-20,0
499,-8,0.03,0.07,0.04,-2.4,-8,6
402,-9,-0.11,-0.07,0.11,-0.5,-6,8
414,-87,0.12,0.01,0.13,-0.3,-15,5
110,-21,-0.34,-0.06,0.38,-1,-14,15
-91,-7,-0.02,0.08,0.61,0.1,-7,-8
54,-3,-0.67,0.14,1.02,0.1,-15,-1
602,-13,0.25,0.21,0.07,0.8,-18,-3
-134,-15,-0.25,0.23,1.06,0,-20,-3
-387,20,0.31,0.09,0.88,-0.7,-13,5
-94,-10,0.23,0.14,0.62,0.5,-17,-2
280,-22,0.27,0.04,0.28,-0.5,-11,2
292,18,0.17,-0.09,0.22,0.8,-5,10
-134,-16,0.44,0.07,0.66,0.3,-15,2
225,-50,-0.22,-0.14,0.25,0.2,-7,16
674,-27,0.21,-0.16,-0.2,-0.6,-8,19
-266,-55,-0.2,0.03,0.91,1.9,-11,2
218,-5,-0.07,0.03,0.33,0.5,-7,-2
-202,-43,0.11,0.08,0.7,1.9,-4,-8
-204,-19,-0.06,0.16,0.74,-1.1,-14,-9
-366,-40,0.31,-0.05,0.8,0.7,-12,13
-47,-25,-0.15,0.07,0.98,-1.6,-12,-1
427,-46,0.12,-0.13,0.18,-0.6,-15,21
42,-10,0.42,0.05,0.57,-1,-7,-5
188,-17,0.33,-0.11,0.3,0.5,-10,16
-5,17,0.15,-0.13,0.45,-1.7,-9,20
0,-18,0.11,0.05,0.51,1.1,-9,-3
100,-12,-0.29,0.02,0.43,0.7,-9,1
425,33,0.05,0.14,0.17,-0.4,-13,-7
-492,-21,-0.17,-0.13,0.92,-0.9,-7,10
365,19,0.09,0.28,0.25,-0.2,-10,-10
545,-6,0.35,0.22,0.14,1.2,-15,-15
-181,1,-0.53,0.09,0.73,-0.3,-6,-10
-216,-76,0.52,0.07,0.72,-0.1,-11,6
-503,20,-0.14,0.06,1.09,-0.1,-20,-2
-429,-30,-0.26,-0.05,0.86,-1.8,-12,6
-436,6,-0.36,-0.01,0.91,-0.7,-7,-2
307,-30,0.04,-0.13,0.19,0.6,-6,14
-52,-31,-0.17,0.18,0.64,0.6,-15,-12
161,15,-0.13,0.11,0.55,0.6,-9,-11
-670,22,0.07,-0.04,1.14,0.8,-5,-6
-80,-35,-0.44,-0.14,0.52,0.5,-13,20
462,-18,0.14,0.2,0.22,0.4,-21,0
-194,-19,-0.26,-0.08,0.67,0.6,-7,2
-410,-47,-0.28,0.11,0.92,1,-19,3
-221,-71,0.22,-0.11,1.18,-1.6,-13,8
-306,44,-0.47,0.08,0.84,0.4,-8,-7
-23,23,-0.14,0.04,0.55,1.6,-4,-5
-162,-26,0.21,0.28,1.35,-0.7,-20,-6
-135,13,0.11,0.08,0.64,-1.2,-8,-7
213,7,0.16,0.17,0.45,-1.6,-17,-6
310,2,-0.41,0.24,0.39,1.4,-17,-15
-3,-61,-0.31,0.05,0.59,-0.5,-16,-2
-95,5,0.1,0.13,0.66,1.6,-7,-13
232,-28,-0.2,0.07,0.31,-0.3,-15,3
617,-31,-0.04,0.06,-0.09,-0.6,-8,11
-365,-26,0.07,0.16,1.17,1.6,-10,-10
-81,33,0.15,0.14,0.61,0.4,-6,-15
21,1,0.28,0.05,0.5,-1,-12,2
237,-46,0.31,-0.32,0.17,0.6,-11,37
-195,-26,-0.13,0.27,1.49,-0.1,-20,-3
-20,-19,0.07,-0.03,0.49,-1.1,-8,5
-290,-4,0.27,0.23,0.87,1.5,-13,-18
234,-5,0.18,0.1,0.48,1.5,-6,-4
135,2,0.19,0.13,0.41,0,-7,-13
37,-11,-0.02,-0.06,0.43,-0.3,-7,8
194,36,0.39,0.23,0.57,-0.3,-19,-9
-82,-1,0.21,-0.02,0.56,-0.8,-7,3
-367,-32,0.34,0.09,1.07,0.3,-16,7
323,0,0.27,0.12,0.23,0.4,-6,-11
35,-28,-0.07,-0.07,0.43,-0.6,-7,5
216,-79,-0.69,0,0.29,-1.4,-14,9
48,-21,0.04,0.01,0.42,-1.6,-9,2
-639,6,0.23,-0.13,1.22,1.5,-10,-1
48,-11,0.34,0.06,0.48,0.7,-8,-5
80,2,0,0.11,0.64,0,-6,-11
433,-10,0.33,-0.08,0.05,-1.9,-12,21
-77,2,-0.1,0.11,0.61,-0.6,-13,-4
-238,-14,-0.05,0.19,0.77,1.2,-15,-7
83,-67,0.05,0.24,0.53,0.7,-9,-20
-105,32,0.26,0.27,0.84,-1.4,-14,-24
-269,52,0.31,0.04,0.76,0.5,-7,-3
59,27,0.15,0.08,0.48,-0.5,-6,-11
-299,-29,0.08,0.22,1.22,2.1,-18,-4
-142,-42,-0.11,0.04,1.01,-1.2,-17,9
-164,12,0,0.18,1.44,-1.1,-14,-7
-135,-37,-0.04,-0.03,0.63,-2.6,-19,19
32,-13,-0.13,0.13,1.1,-0.7,-13,-4
-109,-30,0.14,-0.13,0.69,0.4,-14,12
-94,-27,-0.01,-0.02,0.58,-1.2,-11,5
-153,-45,-0.44,0.02,0.96,0.9,-10,2
-27,-20,-0.09,-0.05,0.5,0.3,-13,11
321,-46,0.51,0.08,0.32,-0.5,-18,8
-188,-12,-0.48,0.04,0.68,1.9,-9,-3
185,-12,0.56,0.15,0.44,-1.1,-12,-5
33,-15,0.39,0.26,0.57,1.7,-16,-22
101,-21,-0.18,-0.05,0.75,0.1,-13,12
-339,4,0.19,0.18,0.88,0.6,-14,-11
-293,-40,0.45,0.12,1.55,-0.1,-19,10
-195,-12,0.07,0.07,0.71,-0.9,-21,9
281,-29,0.48,0.26,0.45,1.3,-17,-14
-398,9,-0.39,-0.08,0.88,0.6,-5,4
168,-36,0.2,0.08,0.37,0.4,-7,-8
25,-25,0.24,0.19,0.85,0.4,-11,-13
-63,-20,-0.09,0.21,1.03,-0.7,-15,-10
-325,-6,-0.24,-0.01,0.84,0.6,-6,1
649,-22,0.34,0.02,-0.11,-1.5,-8,5
-53,0,0.14,0.06,0.59,0.4,-7,-6
101,-57,0.38,-0.04,0.41,0.3,-11,8
-99,-50,0.49,0.08,0.64,0.3,-6,-9
-133,5,0.21,0.02,0.64,0.3,-6,-2
53,-19,-0.14,0.04,0.48,-0.6,-13,4
-151,17,0.15,0.03,0.76,-0.7,-8,-1
-399,-33,-0.75,-0.15,0.87,-2,-20,18
-35,-2,0.03,0.17,0.81,0.5,-13,-10
-220,-2,0.26,0.06,0.75,0.3,-6,-7
78,44,0.67,0.2,0.59,-0.3,-16,-13
-211,-40,0.34,0.08,0.72,0.9,-18,10
-94,-21,-0.07,0.03,0.91,-0.6,-10,4
-116,-55,-0.53,-0.1,0.55,0.6,-5,11
103,-7,0.07,-0.02,0.41,0.8,-6,3
183,8,-0.35,0.2,0.49,0.5,-18,-5
243,-45,0.07,0.02,0.3,-1,-8,-7
-321,-9,-0.03,-0.01,0.78,0.1,-6,6
92,-28,-0.21,0.05,0.86,-0.3,-19,17
-60,2,0.29,0.15,0.66,0.5,-12,-10
267,0,0.63,0.19,0.34,0.4,-16,-7
62,-5,0.2,-0.05,0.46,0.9,-6,6
-8,-22,0.26,0.08,0.62,1.3,-18,4
8,-15,-0.27,0.09,0.52,-0.5,-13,-4
-672,-30,0.02,-0.12,1.09,0.1,-12,13
319,-14,0.27,0.03,0.3,0.9,-5,7
380,-34,-0.38,0.15,0.41,-0.2,-12,-3
534,-67,0.16,0.22,0.12,-0.7,-12,-1
-223,-19,0.13,0.24,0.94,0.9,-18,-9
-60,1,-0.08,0.13,0.66,0.1,-14,-6
-308,-12,0.46,0.17,0.93,0.7,-9,-15
-148,-34,0.34,-0.06,0.62,2.4,-8,11
-180,-15,0.29,0.1,0.66,0.7,-8,-9
-583,-51,0.59,-0.04,1.05,0.1,-6,-16
-52,39,0.27,0.05,0.57,1.4,-5,-6
-391,-45,-0.04,0.05,0.9,0,-12,-8
-28,-30,-0.39,-0.03,0.62,0.8,-5,3
-181,-24,-0.32,-0.01,0.82,-0.4,-7,-7
833,-26,0.42,0.18,-0.2,1.8,-6,-14
-319,3,-0.03,0.06,0.8,-0.6,-15,10
-26,7,0.03,0.02,0.6,0.6,-10,8
-423,24,0.09,0.16,0.96,0.5,-15,-10
-29,-37,0.1,-0.02,0.59,-0.6,-12,7
-54,1,0.1,-0.02,0.56,0.5,-10,5
225,51,0.39,0.29,0.55,0.3,-6,-15
18,-28,0.1,-0.05,0.6,-0.9,-9,7
-97,-58,0.43,0.06,0.61,-0.8,-11,-2
-250,51,0.06,0.14,0.83,1.9,-6,-15
-283,-16,0.24,-0.14,0.9,0.5,-11,9
-257,-3,-0.09,0.16,1.36,-0.5,-13,-11
-294,-3,0.28,0.12,0.79,0.5,-17,1
-329,-12,0.51,0.08,0.81,1.2,-10,8
234,-23,0.05,0.09,0.51,2.3,-8,-8
-376,-3,-0.01,0.1,0.85,-0.2,-9,-6
-247,-33,-0.39,0.21,0.82,-0.3,-11,-8
0,0,-0.52,0.04,0.52,0.2,-8,-2
243,-29,0.16,-0.05,0.38,0.1,-9,8
-486,-30,-0.07,-0.02,0.93,-1,-12,11
-225,-40,-0.42,-0.12,0.69,-0.4,-8,12
-449,-58,-0.04,0.04,0.89,-0.4,-15,9
68,-10,-0.15,-0.05,0.41,-1,-8,8
-440,-29,0.24,0.17,1.09,2.7,-15,-7
103,-15,-0.25,-0.03,0.41,1.3,-5,3
246,14,0.15,0.13,0.42,0.4,-12,-6
-453,-45,-0.22,-0.04,0.89,0.6,-5,4
188,-8,-0.12,0.08,0.39,1.7,-10,-7
-22,-34,0.33,0.1,0.67,2.4,-11,-5
287,15,0.22,0.05,0.27,0.3,-11,-4
-313,-63,-0.24,-0.13,0.78,0.8,-19,24
-240,-33,-0.29,0.13,0.77,0.8,-14,-4
-145,-25,-0.71,-0.03,0.86,0.3,-14,3
-66,19,0.14,0.21,0.82,0.6,-8,-20
180,-37,0.4,0.11,0.48,1.2,-11,-4
704,-58,-0.19,-0.24,-0.23,1.2,-9,29
159,-22,-0.19,0.03,0.5,-0.3,-16,9
109,-6,-0.12,0.18,0.52,-0.5,-18,-5
-125,16,-0.34,0.03,0.92,2,-14,-5
117,-11,-0.22,0.01,0.41,0.6,-14,7
89,-14,0.55,0.05,0.44,-2,-18,10
234,3,-0.16,0.28,0.36,-0.5,-10,-21
-119,25,0.09,0.05,0.6,0.5,-7,-5
-62,22,-0.13,0.06,0.57,1,-5,-9
57,-12,0.12,0.01,0.44,-0.7,-9,3
80,25,-0.41,0.22,0.53,-0.3,-15,-14
132,-17,-0.14,0.11,0.39,0.5,-7,-10
49,9,0.12,-0.04,0.4,-0.6,-7,6
70,-47,-0.23,-0.03,0.43,-2.1,-13,11
208,-2,0.09,0.17,0.72,-1.6,-15,-6
-330,-19,0.19,0.11,0.86,0.4,-19,-4
218,-25,0.01,-0.04,0.44,1.5,-10,7
-108,-20,0.08,0.1,0.82,0.5,-16,2
-48,11,0.29,0.16,0.63,0.5,-9,-17
142,-20,0.09,-0.02,0.36,-0.8,-7,3
197,14,0.15,0.34,1,-0.9,-20,-10
191,-13,0.04,0.05,0.37,0.5,-12,2
-294,-5,-0.04,0.09,0.89,-0.2,-15,1
-545,-16,-0.09,-0.06,1.42,2.4,-13,10
269,-6,0.05,0.06,0.27,0.2,-13,1
410,35,0.31,0.12,0.19,2,-14,-5
-4,-64,-0.12,0.1,0.63,-0.4,-18,3
152,-36,0.57,0.07,0.41,-0.3,-11,-8
-148,-46,0.47,0.05,0.67,0,-11,3
-125,-7,0.02,0.12,0.65,0.4,-15,-4
120,8,-0.3,0.13,0.57,0.9,-12,-8
-78,-6,-0.4,0.21,0.65,0.8,-18,-9
-245,-21,-0.04,0.08,0.91,-0.5,-13,-1
-235,12,-0.66,-0.07,1,-0.3,-7,-16
-191,32,0.19,0.06,0.7,-1.6,-12,0
120,-30,0.45,-0.03,0.37,0.4,-6,3
-143,-8,0.19,-0.02,0.66,1.1,-13,-4
19,16,0.11,0.02,0.5,-1.3,-8,1
-296,-37,0.19,0.12,0.83,-0.2,-12,-11
-107,-41,-0.22,-0.05,0.58,0.9,-5,1
-80,-23,-0.32,0.11,0.76,0.5,-14,-4
-299,49,0.11,0.28,0.89,0,-11,-24
-386,-71,0.02,0.05,0.91,0.3,-6,-6
-236,42,-0.17,0.02,0.72,-0.6,-12,3
355,15,0.21,0.07,0.2,1,-7,-6
343,-16,0,0.01,0.19,0,-6,1
-463,-51,0.35,0.04,1.37,1.3,-13,-1
7,-36,0.31,0.04,0.5,-0.2,-10,2
-200,-49,-0.25,-0.21,0.62,-0.5,-9,29
-155,-33,-0.32,-0.05,0.71,0.5,-7,6
-325,15,-0.18,-0.1,0.75,1.8,-4,10
168,16,-0.03,0.08,0.46,-0.9,-11,-5
-253,-47,-0.43,0.16,0.8,0.8,-15,-8
215,-18,-0.34,0.08,0.63,0.3,-14,1
-131,-24,-0.17,-0.05,0.85,-0.5,-13,3
-405,-7,-0.41,0.07,0.91,-0.4,-13,-2
289,-2,-0.24,0.07,0.27,-0.9,-8,-6
-340,-24,-0.57,0.05,0.83,1,-8,-4
34,-14,-0.59,0.18,1.11,-1.3,-13,-12
-153,-52,-0.3,0.19,0.96,-1.5,-20,0
205,6,-0.18,0.12,0.4,1.5,-8,-19
618,16,0.29,0.35,0.03,-0.8,-16,-17
442,-27,-0.27,0.46,0.38,1.1,-12,-34
125,-16,-0.32,0.11,0.71,1.8,-16,2
-254,-3,0.34,0.12,0.8,0.3,-6,-14
-124,-9,0.42,0.25,1.1,-0.9,-20,-2
84,-46,-0.34,-0.21,0.32,-0.6,-7,24
-25,25,-0.12,-0.19,0.42,-0.6,-7,20
-107,-22,-0.33,0.03,0.6,-0.4,-13,3
-126,-19,-0.08,0.04,0.81,-0.9,-15,6
112,1,0.22,0.08,0.4,1.1,-5,0
-287,17,0.44,-0.14,0.89,0.9,-5,-62
21,-15,0.02,0.16,0.8,0.7,-15,-5
216,9,0.43,0.12,0.35,1.3,-12,-7
-102,-34,-0.68,0.02,0.61,2.2,-11,6
-211,-8,0.26,0.07,1.32,-1.2,-12,-4
247,-8,0.19,0.01,0.28,0.6,-8,1
75,-16,0.43,0.26,0.54,1.6,-16,-25
-333,-42,0.19,0.21,1.08,0.7,-15,-2
-7,1,0.14,0.15,0.59,1.5,-6,-15
-67,-25,-0.29,-0.13,0.58,1,-9,2
-8,-18,0.24,-0.03,0.51,0.5,-9,5
-124,-47,-0.18,-0.07,0.63,0.6,-15,6
124,-52,-0.27,0.12,0.65,-2,-13,-6
-116,-9,0.62,0.13,0.82,-1.2,-14,-7
-291,-34,0.01,0.01,0.8,0.9,-10,1
-15,26,0.25,0.03,0.52,0.5,-13,4
67,2,-0.12,0,0.48,-2.2,-8,3
378,27,-0.24,0.06,0.24,-0.5,-8,-4
-44,11,0.3,0.19,0.62,1.6,-11,-16
171,-22,-0.17,-0.16,0.35,0.2,-13,22
-561,-35,-0.26,0.1,1.06,0.7,-15,3
77,-52,0.4,-0.18,0.35,1.9,-4,27
515,12,0.24,0.12,0.1,-0.3,-12,-8
-42,-30,0.21,-0.04,0.51,-0.1,-6,7
-117,-20,-0.23,0.06,1.21,-0.4,-15,6
227,-18,-0.16,0.03,0.39,2.7,-16,10
-683,-45,-0.17,0.07,1.62,-0.6,-12,1
-162,16,-0.21,0.1,0.98,-0.1,-18,5
-311,-14,-0.33,0.15,0.84,0.6,-17,1
-298,-31,-0.09,-0.06,0.94,1.1,-13,8
-562,-30,0.28,-0.05,1.46,-0.2,-12,-12
-52,-21,-0.05,0.24,0.92,0.6,-18,-11
-182,11,-0.01,0.03,0.68,1.5,-9,-2
82,-18,0.01,0.04,0.6,-1.1,-17,9
0,-3,-0.11,0.13,0.88,-0.6,-9,-9
-249,-10,0.26,-0.07,0.7,-1.7,-9,7
139,9,0.22,0.03,0.4,0.2,-6,-4
86,-13,-0.51,0.04,0.72,-0.2,-12,2
3,32,-0.21,0.31,0.64,-0.5,-6,-32
-40,-7,-0.18,0.19,0.6,0.6,-8,-17
-88,1,0.32,0.04,1,1.3,-8,-1
-8,-44,0.54,0.29,0.88,1.2,-17,-12
-93,-35,-0.24,-0.08,1.4,-0.6,-6,7
-62,-38,0.24,0.06,0.66,-0.7,-8,-5
243,-37,0.19,0.05,0.3,0.7,-8,-6
-80,-4,-0.13,0.17,0.94,0,-19,4
-65,-11,0.56,0.17,0.6,0.2,-10,-3
-101,-14,0.3,-0.11,0.79,0.6,-8,-1
-136,-55,0.03,0.21,0.94,-1.7,-21,1
321,-23,0.02,0.09,0.25,1.5,-9,1
252,-3,0.12,0.27,0.41,1,-11,-30
-214,-1,0.33,-0.04,0.73,-0.8,-12,-8
-140,-2,-0.11,0.27,1.25,-2.6,-17,-7
-46,-16,0.1,0.08,0.58,0.6,-8,-10
201,29,0.14,0.04,0.34,-1.2,-17,10
248,-25,0.61,0.09,0.28,0.1,-13,5
521,-40,-0.15,-0.09,-0.02,-1.1,-13,16
168,-9,0.41,0.08,0.36,-1.1,-16,3
-114,-26,-0.1,0.03,0.74,1.7,-9,3
606,-29,-0.46,0.19,0.01,1,-15,-7
-456,-14,-0.3,-0.07,0.9,0.7,-14,15
159,11,0.19,-0.04,0.34,-0.5,-11,9
-131,-40,0.1,0.04,0.63,1.8,-7,-4
-20,15,0.06,0.08,0.56,-0.9,-7,-8
-233,-8,-0.45,-0.05,0.69,-0.5,-8,12
358,1,-0.14,0.17,0.26,-2.5,-17,-5
389,-18,-0.18,-0.08,0.11,0.5,-6,10
435,-2,-0.32,0.14,0.13,-0.7,-14,8
145,70,0.49,0.18,0.44,-0.4,-8,-18
184,-93,-0.36,-0.15,0.29,-0.5,-10,21
-23,-22,-0.19,0.16,0.58,1,-12,-12
-124,10,0.2,0.05,0.63,0.4,-6,-5
-315,-9,0.25,0.04,0.89,-1.2,-13,4
-113,-7,-0.18,0.16,0.87,-1.4,-18,-2
-268,16,-0.26,0,0.75,0.5,-6,1
-118,-18,-0.25,-0.13,0.72,-0.6,-9,17
-144,-22,-0.41,0,0.63,1.3,-5,-4
75,10,-0.39,0.08,0.48,-0.5,-14,1
324,28,0.46,0.21,0.29,1.7,-11,-16
-335,-27,0.11,0.18,0.87,-1.9,-10,-14
-15,-28,0.1,0.13,0.6,-0.2,-14,-5
207,58,0.12,-0.05,0.3,-1.4,-7,6
-11,-14,-0.1,0.04,0.67,0.6,-5,-7
-707,25,0.02,0.09,1.4,1.6,-4,-2
-108,-29,-0.39,-0.1,0.59,1.5,-14,11
100,-81,-0.24,0.03,0.76,-0.7,-7,0
310,-20,-0.4,0.02,0.64,-0.4,-16,10
-41,9,0.49,0.13,0.61,-0.8,-15,-9
-308,-59,0.21,-0.16,0.78,0.4,-12,9
17,-62,0.16,0.06,1.52,-0.9,-14,4
-34,-2,-0.05,0.19,0.62,0.3,-13,-15
331,-40,0.33,0.11,0.24,0.9,-7,0
-111,-25,0.33,0.07,0.68,-1.8,-13,0
333,-33,0.09,-0.16,0.12,0.5,-5,18
-81,-29,-0.25,-0.06,0.56,-0.4,-6,8
245,21,-0.11,0.19,0.56,0.8,-15,-10
145,17,0.17,0.07,0.47,0.6,-5,-8
-148,41,0.17,0.13,0.67,0.3,-6,-14
128,-14,-0.07,-0.11,0.5,-1.2,-10,15
-202,-12,-0.04,0.26,1.35,0.1,-19,-6
-5,-39,0.1,0.07,0.92,-0.2,-16,6
-224,-15,-0.07,0.03,0.74,1.2,-11,2
-25,-88,-0.17,0.08,0.63,2.5,-10,-5
-75,-29,0.34,0.06,0.59,1.3,-6,-6
-363,60,0.36,0.25,0.93,0.2,-11,-22
-278,-39,-0.44,-0.07,0.74,0.5,-11,7
138,-14,0.01,-0.08,0.35,-1.2,-10,13
81,-32,-0.32,0.26,0.59,-1,-12,-8
-601,28,-0.18,0.05,1.04,1.6,-4,-6
257,7,0.32,0.01,0.48,1.3,-6,-7
22,0,0.26,0.09,0.53,-1.8,-10,-3
-169,5,-0.22,0.09,0.71,1,-8,-12
448,-20,-0.18,0.09,0.08,-0.1,-6,7
-247,-10,0.54,0.42,0.96,-1,-20,-15
73,-18,-0.11,0.08,0.56,-1,-21,10
-25,-17,-0.3,0.12,0.86,-1,-14,-2
-124,-5,0.06,0.1,1,-1.3,-9,-6
159,-55,0.34,0.22,0.88,0.4,-18,-5
477,-28,0.07,0.08,0.15,2.5,-4,-18
-160,2,-0.1,0.01,1.03,-0.7,-12,-4
-211,-4,0.51,0.26,0.83,1.3,-11,-25
203,12,-0.27,-0.1,0.28,-0.5,-6,12
-138,3,0.11,-0.1,0.62,1.4,-12,6
11,6,0.41,0.11,0.55,0.3,-12,-7
-110,-36,0.3,-0.08,0.57,-0.7,-9,10
-12,-33,-0.04,-0.02,0.88,0.5,-13,-7
306,-6,-0.08,0.04,0.23,-1.4,-10,4
-150,-22,-0.01,0.17,0.89,1.3,-13,-11
-322,-48,-0.48,-0.05,0.76,0.4,-7,5
-103,-24,-0.11,-0.01,0.59,-0.7,-7,2
39,-30,0.23,0.06,1.13,0.3,-20,11
80,-5,-0.03,-0.07,0.42,-0.3,-15,17
102,-52,-0.57,0.19,0.46,0.1,-19,4
241,-24,0.17,-0.01,0.65,-0.6,-6,2
13,16,0.29,0.03,0.5,-0.1,-6,-3
274,-17,0.21,0,0.27,0.4,-11,5
93,-26,-0.26,0.27,0.77,0.6,-16,-11
-377,-9,0.17,0.15,0.91,1.2,-11,-12
-256,-14,-0.3,-0.06,0.7,-0.6,-6,7
-393,-41,-0.26,0.09,0.92,1.1,-19,0
149,-56,0.44,0.04,0.76,0.6,-12,4
11,-9,0.4,-0.04,0.47,-2,-9,7
-283,-42,-0.65,-0.01,1.42,-0.8,-19,7
186,29,0.42,0.14,0.39,-0.9,-14,-7
72,-51,0.63,-0.04,0.41,0.1,-19,20
-252,-47,-0.2,0.12,0.91,2.7,-8,-11
-128,-58,0.13,-0.15,0.55,-0.4,-6,19
-114,-35,0.03,0.04,0.6,1.9,-5,-4
-26,16,0.04,0.13,0.6,0.5,-8,-13
-204,32,0.25,0.12,0.74,0.4,-13,-7
512,-8,0.12,-0.04,-0.02,-0.7,-7,5
-6,15,-0.48,0.19,0.78,-0.4,-19,-2
-74,17,-0.39,-0.12,0.55,0.1,-11,10
669,30,-0.48,0.07,-0.04,-0.7,-9,-6
417,-64,-0.15,-0.12,0.09,-0.8,-8,14
109,-45,-0.14,-0.11,0.36,-1,-7,11
-343,-35,-0.27,-0.08,0.79,0,-6,2
-236,-17,0.08,0.16,0.97,0.7,-5,-15
9,-2,0.1,0.33,0.95,1.2,-14,-21
-54,24,0.18,0.09,0.61,-0.7,-13,-3
-20,20,0,0.11,0.57,1.5,-5,-12
263,2,0.12,0.03,0.26,-0.6,-6,7
236,22,0.47,0.2,0.37,-1.4,-12,-18
178,-32,0.66,0.28,0.93,0.1,-18,-8
248,12,0.16,-0.05,0.24,0.5,-5,6
58,13,0.2,0.1,0.74,0.2,-7,-9
193,-41,0.23,-0.05,0.33,-1.8,-15,14
-768,-11,0.14,-0.12,1.15,0,-6,8
-110,-8,0.27,0.1,0.69,1.5,-7,-9
-561,-37,-0.25,-0.12,1.04,0.9,-9,1
178,-28,0.34,-0.08,0.33,-0.5,-8,10
-662,-81,-0.46,-0.38,1.02,1.4,-9,25
-561,-3,-0.36,-0.13,1.07,0.6,-11,-14
-135,-5,-0.29,0.07,0.63,-0.5,-18,5
-226,-34,-0.42,0.01,0.71,-0.4,-11,5
432,-36,-0.16,-0.08,0.05,1.9,-13,22
-38,-1,0.04,0.26,1.04,-0.9,-14,-14
142,19,0.32,0.05,0.4,1.9,-11,0
-290,-65,0.09,0.02,0.85,0.5,-15,1
253,-55,0.35,-0.02,0.29,-0.7,-12,7
-364,-38,-0.29,-0.02,1.13,-0.3,-15,11
-418,-6,-0.29,0.08,0.91,1.3,-12,-4
-51,-37,0.4,0.11,0.57,0,-7,-6
-61,18,0.12,0.08,0.55,-0.3,-7,-8
173,34,0.59,0.33,0.8,0.1,-18,-14
-82,-51,0.05,0.01,0.55,1.2,-12,14
163,-53,0.17,0.12,1.11,0.2,-13,1
13,17,0.16,0.13,0.51,-0.6,-7,-9
-186,-26,0.38,0.05,0.76,-1.8,-12,0
-354,-26,-0.28,0.08,0.98,-0.9,-15,3
116,-4,0.48,0.16,0.49,-0.8,-14,-7
78,10,-0.24,-0.08,0.41,0.6,-5,9
597,21,-0.26,-0.03,-0.08,-0.5,-6,4
-176,-2,-0.41,-0.12,0.61,1.1,-8,18
447,-46,0.43,0.04,1.01,-0.9,-12,2
56,-6,-0.15,0.13,0.53,-0.4,-11,-13
-351,-20,0.02,0.09,0.85,-0.3,-6,-9
-253,9,0.16,0.06,0.74,-0.8,-10,-4
-27,-2,0.23,0.16,0.59,-1.7,-12,-12
-89,4,0.11,0.25,0.7,0.3,-10,-26
-145,12,0.12,0.16,0.73,-1.6,-20,4
163,-16,-0.04,-0.18,0.28,-2.1,-12,24
-469,-9,-0.46,-0.03,0.93,0.7,-7,4
-406,-13,0.47,0.05,0.89,1.3,-11,4
-178,-16,0.35,0.09,0.71,-0.7,-12,-5
-158,-17,-0.24,0.36,1.46,-0.5,-20,-9
333,-23,-0.3,0.1,0.21,-2.7,-18,4
42,20,0.12,0.01,0.46,0.4,-8,2
652,3,0.24,-0.06,-0.11,0.6,-5,6
-75,-29,0.43,0.07,0.65,0,-11,-2
-100,-28,-0.35,0.02,0.61,0.2,-13,5
-87,-48,-0.29,-0.15,0.52,1.7,-6,16
-5,-31,0.23,0.04,0.56,-1.9,-16,6
-336,13,0.07,-0.06,0.76,0.9,-5,15
-30,-30,-0.04,-0.03,0.52,-1.7,-8,4
269,-3,0.1,0.26,0.29,-1.6,-15,-3
-120,-16,0.34,0.08,0.64,-0.4,-11,-5
103,-11,0.38,0.02,0.42,0.3,-12,4
200,-6,-0.17,-0.04,0.32,0.2,-6,5
25,-10,0.3,0.02,0.5,-0.6,-8,1
-323,-4,0.23,-0.26,1.81,0.4,-6,-2
-584,5,-0.09,-0.16,1.02,0.2,-10,6
-336,-31,-0.27,-0.07,0.82,0.4,-7,9
-365,-12,-0.12,-0.02,0.82,0.5,-6,5
558,11,0.75,0.11,0.05,0.2,-13,-8
-275,-22,-0.32,-0.02,0.77,0.7,-6,4
-48,-62,0.36,-0.08,0.74,0.6,-11,15
-24,-12,0.1,-0.03,0.5,1.8,-6,3
131,4,-0.28,0.03,0.53,-0.4,-8,-4
26,-49,-0.19,0.12,0.53,-1,-12,-6
97,14,-0.04,0.19,0.56,-0.2,-19,-2
145,27,-0.12,0.21,0.47,0.8,-12,-18
205,-25,-0.05,-0.08,0.25,-1,-8,10
367,-46,0.19,0,0.13,-0.7,-7,5
289,-8,-0.53,0.06,0.25,0.9,-11,5
-358,8,0.05,0.04,0.89,0.1,-6,-3
-107,-41,0.14,-0.12,0.64,1.4,-13,12
-17,11,-0.02,0.13,0.57,-0.4,-10,-11
-550,-79,-0.18,-0.18,0.99,0.7,-10,13
197,-76,-0.34,0.24,0.86,-0.7,-19,-3
554,-4,-0.23,0.24,0.07,-0.5,-10,-5
-106,-36,-0.03,-0.05,0.6,0.9,-7,6
-102,-18,-0.06,0.01,0.63,1.2,-6,-1
15,-14,0.15,0.12,0.53,1.5,-9,-10
445,22,0.66,0.15,0.17,1.1,-12,-12
-169,-12,-0.12,-0.22,0.57,-0.6,-6,25
266,-34,0.28,0.12,0.31,0.9,-11,-7
42,37,0.03,0.03,0.52,-1.4,-17,16
-13,-25,0.27,0.27,1.08,-1.8,-18,-15
-119,-37,0.12,0.06,0.63,0.3,-7,-6
-223,42,0.66,0.19,0.87,1.2,-15,-13
-137,-20,-0.09,0.06,0.68,1.3,-5,-7
-23,32,-0.38,0.15,0.74,-0.3,-7,-14
36,19,0.05,0.12,0.5,0.6,-9,-11
229,-54,-0.07,0.05,0.34,1.5,-14,7
-7,26,0.3,0.25,0.63,0.3,-13,-25
7,-5,0.08,0.03,0.66,1.6,-6,-2
-623,-21,-0.23,0.05,1.16,0.6,-8,-11
-61,-22,-0.08,0.24,0.8,2,-14,-16
194,-22,-0.32,-0.02,0.35,-0.4,-6,1
211,26,0.21,0.3,0.47,-0.6,-16,-18
-510,-38,0.3,-0.02,1.23,-0.5,-6,3
78,11,0.08,0.09,0.48,2,-10,-6
-69,-23,0.57,0.05,0.83,0.4,-9,-3
184,-28,0.08,-0.05,0.31,-0.7,-14,12
-130,8,-0.22,0.04,0.65,1.6,-4,-5
-52,-52,-0.51,0.02,0.55,-0.8,-9,3
13,-16,0.24,0.12,0.83,-0.7,-15,-3
411,50,0.39,0.08,0.14,-0.6,-11,-2
548,36,0.14,0.31,0.11,0.6,-11,-19
138,-3,-0.26,0.08,0.42,1.4,-7,-6
136,7,0.03,0.09,0.63,1.1,-7,-7
-139,-72,0.06,-0.04,0.76,0.5,-6,4
-129,-23,-0.28,0.02,0.62,0.7,-5,-2
-701,37,0.06,-0.02,1.15,0.5,-10,2
-818,-11,-0.3,-0.11,1.21,1.4,-5,4
-183,-29,0.49,-0.02,0.66,-0.6,-11,9
167,-6,0.36,0.26,0.59,-0.8,-20,-11
-112,-34,-0.05,0.14,0.67,1.7,-11,-15
-335,-44,-0.54,-0.1,0.79,1.4,-11,11
31,-7,-0.28,0.05,0.9,-0.2,-11,1
77,3,0.33,0.14,0.96,-1.7,-15,-3
-298,-13,-0.07,0.05,0.8,0.5,-10,-2
-112,-11,0.06,0.15,1.13,0.1,-19,1
-347,-4,0.35,0.14,0.9,-1,-13,-10
3,-58,-0.28,0.35,1.58,-0.7,-19,-6
-51,-6,0.34,0.06,0.67,-0.7,-9,-5
-167,57,0.19,0.13,0.7,0.4,-9,-13
-168,8,-0.38,-0.02,0.69,0.6,-5,-7
-143,3,-0.21,-0.09,0.56,0.5,-5,11
-41,39,0.22,0.09,0.6,-0.4,-6,-8
214,-19,-0.07,-0.02,0.32,0.4,-8,4
-201,-14,-0.08,-0.03,0.68,1.6,-17,8
-112,5,-0.06,0.08,0.6,0.1,-9,-7
219,-11,0.21,-0.14,0.51,0.8,-7,13
285,-41,-0.05,0.02,0.31,-0.6,-12,4
-669,43,-0.52,-0.1,1.08,0.5,-9,4
-329,-22,-0.33,0.11,0.87,0.7,-10,-9
-78,-15,-0.31,0.16,0.61,-1.2,-16,-8
-453,-29,0.02,0.13,0.96,-0.7,-16,-3
-116,-8,-0.02,-0.04,0.85,-1.1,-7,8
3,4,-0.27,0.11,0.56,1.9,-5,-12
-128,-10,0.05,0.04,0.66,-1.8,-8,-1
79,-9,0.02,-0.02,0.43,0.5,-6,3
-334,34,0.34,0.36,1.02,-0.3,-20,-19
69,-52,0.25,0.18,0.55,0.3,-14,-4
-94,-9,-0.18,-0.03,0.57,-0.5,-7,4
-35,29,0.35,0.14,0.7,0.4,-8,-14
-128,-17,-0.26,-0.16,0.56,-0.3,-6,8
-24,-40,-0.19,-0.08,0.5,-0.6,-6,9
-53,-58,0.67,0.03,0.82,1,-12,11
-99,-12,-0.05,0.09,1.42,-0.6,-7,-6
-215,-28,0.46,0.02,1.13,0,-8,1
389,-12,-0.47,0.2,0.57,-0.5,-12,-12
95,-28,-0.02,0.3,1.07,1.7,-8,-8
113,13,0.35,0.06,0.43,0.2,-13,-3
113,-36,-0.24,0.12,0.49,0.6,-17,4
115,10,0.06,0.01,0.36,-0.4,-7,3
-11,-40,-0.18,0.03,0.74,-0.4,-13,4
3,-19,-0.14,-0.01,0.48,-0.6,-8,4
-180,-19,0.37,-0.02,0.66,-1.9,-12,11
-31,1,-0.26,-0.08,0.47,1.7,-4,11
-247,-80,0.34,0.01,0.76,0.6,-6,0
-156,-34,-0.16,-0.01,0.65,-0.6,-8,3
-191,-5,-0.1,0.07,0.96,0.5,-14,-12
303,-12,0.29,0.02,0.25,-1.7,-16,8
13,-20,-0.11,-0.02,0.49,-1.6,-8,1
-270,-41,0.17,0.03,0.74,1.4,-12,4
98,-46,-0.46,-0.08,0.39,0.5,-11,13
-173,-6,0.02,0,0.65,-1,-11,4
-547,9,0.35,0.11,1.19,-0.3,-13,-7
481,-26,0.19,0.11,0.17,1.6,-16,2
110,2,0.1,-0.04,0.36,-1,-7,5
-97,-30,0.12,0.15,0.74,0.4,-16,-5
-211,-1,0.05,0.03,0.72,0.9,-5,-3
126,-9,0.63,0.16,0.44,1.8,-14,1
102,17,-0.38,0.03,0.52,-1,-7,-2
-316,-15,-0.03,0.01,0.8,0.9,-6,6
-438,-39,0.19,0.05,1.29,0.6,-12,9
-501,-54,-0.7,-0.04,0.94,-0.1,-8,7
225,-19,-0.27,0.06,0.31,0.4,-19,9
221,-3,0.31,0.22,0.46,1.3,-11,-32
73,-5,-0.2,0.1,0.48,-0.6,-14,-3
43,16,-0.34,0.33,0.62,-0.2,-10,-33
-182,-25,-0.23,0.28,1.39,-0.3,-20,-8
234,-27,0.3,0.07,0.31,1.4,-18,7
240,-25,0.71,0,0.28,0,-11,4
615,-7,0.69,0.14,0.01,-0.1,-14,-7
-294,-28,0.1,0.15,0.81,0.8,-12,-4
253,-37,0.29,0.08,0.21,-0.4,-7,16
-93,-28,-0.19,0.21,0.66,0.7,-18,-6
-534,-15,-0.08,0,0.99,1.5,-11,5
302,-17,0.16,0.09,0.29,-1.1,-8,-7
-59,47,-0.04,0.07,0.61,-0.7,-9,-7
-325,27,0.25,0.19,1.14,0.4,-6,-18
-195,-34,0.28,0.08,1.07,0.4,-9,-6
-249,8,-0.16,-0.07,0.74,-0.8,-8,1
-314,-9,0.19,0.13,0.92,1.7,-16,-3
45,-21,-0.07,0.24,0.55,-0.4,-19,-8
45,-6,0.37,0.03,0.47,0.7,-5,-3
-92,-13,0.07,0,0.6,1.6,-8,3
-66,-4,0.15,0.22,0.7,-0.2,-18,-8
116,-12,-0.2,0.15,0.6,-2.4,-18,-2
-164,31,-0.28,0.26,1.79,-0.4,-10,-16
121,1,0.18,0.13,0.67,-0.8,-15,-4
241,21,0.25,0.09,0.32,0.5,-5,-8
-291,-9,-0.02,0.04,0.79,-2.4,-12,2
-188,1,0.19,0.07,0.69,0.6,-7,-6
593,-12,-0.39,0.1,0.38,1.4,-12,-8
-308,-48,-0.37,0.07,0.84,0.7,-14,-15
-98,16,0.25,0.12,0.62,-0.5,-6,-12
-131,-20,-0.49,-0.03,0.61,-1.5,-11,5
89,-41,-0.03,-0.1,0.38,-0.9,-12,16
384,-9,-0.31,0.17,0.28,-1.4,-13,4
-66,-26,0.8,0.13,0.92,0.1,-15,5
231,34,0.25,0.11,0.36,-0.7,-14,-8
-198,-12,0.13,0.17,1.1,-1.4,-16,-4
-181,-12,0.18,0.22,0.78,-0.5,-13,-17
210,-44,-0.27,-0.11,0.24,-1.3,-8,14
-551,32,-0.3,0.12,1.04,-0.4,-10,-9
73,18,0.07,0.54,1.59,-0.5,-20,-19
-124,-36,0.16,0.05,0.62,0.4,-15,4
-113,-31,0.44,0.03,0.65,0.2,-14,0
518,-6,0.14,-0.14,-0.01,0.5,-6,16
-186,-24,-0.18,0.01,0.69,-0.8,-9,3
50,-1,-0.15,0.14,0.52,1,-10,-13
-414,-17,0.33,0.01,0.91,-0.8,-13,-3
351,-49,0.24,-0.13,0.15,2.1,-4,14
-100,5,-0.13,0.12,0.86,-0.6,-8,-10
-2,-6,0.22,0.2,1.69,-1.2,-12,-4
79,-41,-0.05,-0.06,0.39,1.6,-5,7
-285,-49,-0.35,-0.2,0.83,-0.4,-16,17
-122,-11,0.03,-0.09,0.57,0.2,-6,6
19,-9,-0.11,-0.29,1.82,-1,-9,15
379,27,0.24,0.14,0.2,-0.5,-8,-13
-53,26,0.37,0.08,0.6,0.3,-6,-11
-58,-27,-0.17,0.09,0.62,1.5,-6,-9
1,-35,0.21,0.09,0.6,0.4,-11,-6
-261,11,0.22,0.04,0.78,1.4,-12,2
16,15,-0.21,0.02,0.48,-0.6,-7,-2
176,-11,0.46,0.12,0.4,0.4,-12,-9
297,41,-0.05,0.07,0.27,-0.3,-7,-7
302,-7,0.26,0.03,0.22,-0.6,-7,-1
390,6,1.06,0.22,0.48,-0.4,-18,-5
385,-8,0.23,0.27,0.23,-0.7,-10,-12
-116,56,-0.01,-0.07,0.63,1.6,-4,-9
477,-19,0.18,0.11,0.16,1,-18,3
-319,-17,-0.44,-0.06,0.77,1.9,-11,8
270,-7,0,0.03,0.23,-0.4,-9,8
-245,-8,0.09,-0.02,0.72,0.5,-5,1
-142,-71,-0.22,0.2,0.86,-0.3,-16,-9
9,0,-0.48,-0.01,0.54,-1.5,-7,2
-17,-4,-0.17,0.03,0.51,-0.6,-8,-2
14,-16,0.19,0.03,0.5,0.4,-9,-2
-257,0,0.25,0.35,1.49,-0.6,-17,-18
98,-17,-0.71,0.15,0.45,0.6,-9,-3
312,27,0.21,0.16,0.3,-0.7,-11,-16
51,0,0.65,0.24,0.57,-0.8,-12,-22
-253,-55,-0.29,-0.06,0.71,2,-6,7
-124,-40,0.18,0.14,0.89,-1.8,-19,6
235,-64,-0.34,0,0.34,0.6,-11,5
-552,-14,-0.2,0.04,1.01,0.6,-5,-5
-208,-20,0.28,0.12,1.19,-0.2,-12,-5
-24,-18,0.12,0.18,0.85,-1.8,-18,-3
-180,6,0.24,0.25,0.77,-0.3,-13,-14
-251,2,-0.06,0.4,1.62,0.6,-18,-15
-220,-10,-0.18,0.05,0.75,1.6,-11,0
-419,-39,-0.45,-0.02,0.86,-0.3,-6,7
25,-24,-0.09,-0.08,0.66,-0.6,-7,10
-188,22,-0.35,0.15,0.76,1,-6,-16
1,-11,0.22,0.14,0.56,0.4,-10,-12
49,-26,0.23,0.06,0.74,-0.6,-17,7
150,-19,0.2,-0.05,0.33,0.4,-6,6
281,-29,-0.16,-0.04,0.22,-0.6,-8,7
143,-35,-0.36,0.23,0.51,1,-17,2
37,-15,-0.15,-0.08,0.96,-0.7,-7,8
509,-23,0.17,-0.14,-0.04,0.7,-9,19
-335,3,-0.13,0.03,0.82,1.7,-8,0
418,-17,0.05,-0.03,0.24,-0.7,-14,10
-58,-62,-0.43,-0.16,1.57,0.2,-12,16
209,-14,-0.25,0.03,0.32,-1.8,-13,4
-223,-62,0.33,0.04,0.76,1.1,-9,-11
-42,-28,0.19,0.09,0.8,2,-7,-3
316,-12,-0.2,0.02,0.19,0.8,-9,7
-169,-15,-0.54,-0.11,0.7,-0.2,-11,10
-28,-9,-0.79,0.29,0.92,0,-19,-2
-562,13,0.29,-0.04,1.01,-0.6,-15,8
-62,16,-0.17,0.11,0.6,-0.7,-7,-12
-60,67,0.33,0.02,0.55,0.4,-8,1
-366,-1,0.36,0.04,0.88,0.5,-6,-4
269,-14,-0.17,-0.02,0.3,-0.9,-12,8
-226,-25,0.18,-0.07,0.69,-0.7,-8,9
-72,-52,-0.3,-0.07,0.52,-0.2,-12,19
191,4,0.14,0.09,0.37,-0.8,-8,-8
5,-37,0.19,-0.02,0.5,0,-10,6
118,7,0.34,0.19,0.48,1.4,-15,-11
6,-53,-0.27,-0.04,0.45,0.6,-5,4
-27,-15,-0.19,-0.09,1.04,-0.5,-6,8
-177,13,-0.3,-0.1,0.79,-0.7,-11,5
-64,-19,0.18,0.1,1.26,-0.4,-14,2
-120,-3,-0.17,0.05,0.65,1.7,-4,-7
-19,9,0.12,0.09,0.53,0.3,-6,-10
343,-22,0.54,0.06,0.21,-0.9,-11,-5
-270,17,0.1,0.21,0.85,0.7,-12,-16
-97,-10,0.02,0.19,1.16,0.1,-19,-7
-209,-17,0.32,0.03,0.68,1.2,-12,9
-98,-40,0.01,-0.04,0.59,1.4,-5,5
-52,-21,-0.07,-0.09,0.52,0.8,-10,13
-20,-21,0.09,0.12,0.62,0.3,-19,4
-85,-15,0.28,0.1,0.62,-0.7,-21,8
-251,-77,0.38,0.02,0.76,0.3,-7,2
-53,-10,0.17,0.13,0.59,-0.4,-15,-5
-11,-57,-0.05,-0.16,0.44,-0.4,-7,18
-146,-10,-0.15,0.02,0.88,1.1,-12,4
190,-12,0.07,0.15,0.55,-0.5,-19,3
36,-6,-0.2,0.14,0.7,-0.5,-6,-14
-128,-2,-0.31,-0.06,0.61,0.4,-10,11
-45,-11,-0.55,-0.03,0.74,-0.4,-11,7
44,-47,-0.28,-0.06,0.53,0.7,-5,7
34,-29,-0.23,0.23,1.48,-1.7,-15,-8
-21,-12,0.2,0.03,0.55,-0.5,-10,2
21,16,0.27,0.18,0.56,-0.8,-9,-17
348,-17,0.06,0.08,0.18,0.7,-5,1
167,-59,0.29,-0.07,0.56,-0.7,-12,12
-206,1,-0.45,0.06,0.74,0.3,-18,-9
761,13,-0.14,0.03,-0.17,0.5,-15,3
-95,1,-0.16,0.15,0.66,-0.5,-15,-6
302,-50,0.35,0,0.25,0.3,-8,3
-83,-27,-0.34,0.21,1.47,-0.8,-13,-10
228,-19,-0.16,0.04,0.33,0.6,-10,-2
13,5,0.14,0.09,1.04,0.3,-14,-2
125,-1,0.53,0.19,0.45,-1.3,-11,-11
-692,-46,-0.25,0.09,1.2,-0.3,-10,-7
27,16,-0.1,0.1,0.66,0.8,-6,-10
315,-21,-0.1,-0.04,0.2,-1.1,-13,11
24,26,0.31,0.01,0.49,-0.6,-6,0
-361,-37,-0.24,-0.12,0.8,1.5,-8,7
17,36,0.2,0.19,0.67,0.5,-9,-18
-106,-50,-0.32,-0.07,0.57,-0.6,-8,10
86,16,0.06,0.05,0.45,0.5,-6,-5
-298,2,0.06,0.05,0.78,0.4,-6,-2
25,36,0.22,0.16,0.51,-0.7,-7,-16
-268,-3,0.08,0.01,0.76,-2.1,-9,-8
-64,4,-0.13,0.33,0.7,-0.2,-20,-17
-15,-36,-0.41,-0.19,0.51,-0.7,-14,6
-234,-38,-0.49,0.08,1.08,-0.4,-11,-3
-344,-12,-0.48,0,0.87,1.2,-15,10
516,-51,0.37,-0.09,0.08,1.6,-12,14
-143,-32,-0.3,0.07,0.87,1,-17,1
23,-50,-0.79,-0.06,0.75,-0.2,-15,11
232,49,0.51,0.19,0.35,1.1,-17,-9
120,-34,0.29,-0.01,0.4,0.6,-9,4
-31,-22,-0.57,0.01,0.6,-1,-16,9
-45,-35,0.24,0.03,0.61,0.5,-10,1
-311,36,0.3,0.1,0.82,-2,-16,2
164,-77,0.27,0.09,0.45,0.8,-11,-5
239,-28,0.24,-0.08,0.27,1.4,-10,14
-176,-5,-0.22,0.08,0.8,-1.7,-20,11
-180,-6,-0.29,0.11,1.35,0.5,-6,-9
276,-5,0.3,-0.01,0.28,0.3,-6,-2
243,-59,-0.75,0.1,0.52,-0.8,-12,-5
-212,-7,-0.31,-0.09,0.67,0.5,-5,9
-301,-24,0.27,0.11,1.21,-1.9,-16,1
-307,-17,0.44,0.02,0.84,1.2,-9,9
-75,21,-0.34,0.15,0.87,0.9,-15,-5
-250,-32,0.48,-0.12,0.81,0.5,-14,7
166,-35,0.08,0.18,0.74,0.3,-18,-3
-41,2,-0.17,-0.02,0.71,-0.6,-8,2
-110,-19,0.52,0.23,0.67,1.2,-14,-5
478,-35,0.27,0.02,0.03,-0.6,-6,8
-651,-3,-0.25,0.04,1.11,-0.5,-6,-3
-240,-39,-0.28,0.02,0.77,0.1,-7,5
9,20,-0.04,-0.03,0.47,-0.6,-9,6
25,11,0.22,0.09,0.52,-0.7,-14,-2
-180,-47,0.04,-0.12,1.05,-0.6,-11,7
316,-14,-0.21,0.03,0.25,1.9,-8,-2
-268,-46,-0.16,0,0.98,-0.6,-16,8
11,19,0.27,0.09,0.81,2.4,-14,-8
-196,-37,-0.24,0.06,0.78,1.6,-13,2
-475,-63,0.69,0.04,0.93,0.5,-16,14
-60,-42,-0.36,-0.09,0.54,0.8,-5,7
-38,-4,0.26,0.19,0.92,0.9,-11,-13
-142,-16,0.23,0.15,0.69,1.5,-9,-14
11,-45,0.01,-0.07,0.69,-0.6,-15,20
-258,11,0.09,0.14,0.88,0.4,-6,-15
-177,-16,0.05,0.03,0.96,1.1,-6,-3
-189,-14,0.11,-0.09,0.63,0.5,-7,8
131,-45,0.2,-0.09,0.35,0.5,-15,19
-129,58,-0.16,0.12,0.66,0.5,-11,-10
-78,-5,-0.62,0.07,0.72,0.8,-13,-10
1,15,-0.02,0.02,0.51,0,-13,4
164,15,0.38,0.02,0.36,-0.6,-7,-2
65,-11,0.22,-0.1,0.42,-2.1,-14,18
-305,-8,-0.18,0.05,0.82,-0.5,-10,-11
-215,21,-0.39,0.18,0.77,-0.7,-14,-13
352,-18,-0.36,0,0.59,-0.6,-16,11
-297,42,0.37,0.12,0.81,-0.7,-9,-11
-97,9,-0.2,-0.06,0.56,-0.6,-6,6
622,-16,-0.19,0.18,0.45,0.6,-11,-3
-356,-30,0.09,0.03,0.82,-0.7,-7,2
116,-14,0.08,0.22,0.52,-0.9,-20,-5
-145,28,0.01,0.33,0.89,0.8,-14,-24
-86,-12,-0.32,0.1,0.66,0.8,-9,-8
-73,18,-0.13,0.04,0.56,1.6,-4,-5
-94,-8,0.43,0.15,0.65,0.9,-15,-4
-297,4,0.45,0.11,0.79,-1.3,-11,1
561,-59,-0.25,-0.09,-0.05,1.6,-6,9
-127,-9,0.23,0.27,0.73,0.7,-10,-26
-109,-21,-0.47,0.09,0.62,0.4,-10,-7
-163,-47,0.23,-0.37,0.5,0.3,-12,45
233,14,0.31,0.08,0.35,0.4,-10,-6
-107,-28,0.49,-0.11,0.57,-0.8,-14,12
-197,-10,-0.14,0.06,0.87,1.1,-12,-1
-262,13,-0.02,0.21,0.81,-1,-20,-5
173,-38,-0.26,-0.02,0.61,0.3,-12,7
-387,-70,-0.22,-0.1,1.06,0.6,-7,10
-351,-10,0.1,0,0.86,-0.3,-10,0
85,-18,0.13,0.01,0.48,0.4,-7,1
108,-23,-0.12,0.2,0.5,-0.7,-17,-8
-212,-23,0.07,0.04,0.73,0.5,-7,-4
299,-52,0.42,-0.11,0.19,-0.4,-6,12
-152,-53,0.12,-0.12,1.23,-0.7,-9,14
-363,-15,0.31,0.22,0.94,-1.7,-14,-16
-53,-13,-0.07,0.02,0.58,-2.3,-15,12
81,-14,0.01,0.01,0.58,-1.6,-9,5
367,-12,0.47,0.12,0.22,-0.5,-11,-10
-96,-17,-0.04,0.05,0.59,-0.6,-10,-2
37,13,-0.16,0.14,0.77,-1.5,-17,1
108,19,0.09,0.1,0.45,1.5,-6,-12
-21,-55,0.2,0.09,1.45,0.6,-17,-4
-165,23,0.09,0.4,0.95,0.3,-20,-21
-157,-47,0.15,0.19,1.33,-0.9,-21,9
350,-65,-0.14,-0.12,0.15,1.7,-4,12
300,8,-0.5,0,0.29,0.5,-7,-4
480,-15,0.1,0.02,0.14,-0.3,-10,3
-383,-17,-0.36,0.13,1.02,-0.4,-14,0
-165,-43,-0.21,0,0.66,1.3,-12,6
568,6,0.17,-0.04,-0.01,0.8,-9,6
-128,19,-0.36,0.02,0.64,0.7,-5,-3
-300,-25,-0.35,-0.02,0.75,0.5,-6,2
277,-14,0.3,0.11,0.27,0.4,-15,2
-266,-1,-0.05,0.12,0.86,1,-12,-3
301,-16,0.28,-0.02,0.23,-1.7,-8,6
143,26,0.37,0.07,0.42,0.9,-6,-7
99,-41,0.1,-0.08,0.44,1.6,-12,14
-44,-33,0.09,-0.03,0.5,-0.7,-8,8
-237,-1,0.33,0.11,0.78,0.2,-11,-9
-199,-4,0.25,0.12,0.74,1.4,-15,-4
-132,-11,0.28,0.22,0.72,1.7,-5,-24
36,19,-0.02,0.1,0.52,-0.1,-12,-2
-374,-4,0.11,-0.04,0.86,-1.6,-16,4
-54,-10,-0.12,0.13,0.62,1.9,-9,-12
-69,-37,0.49,0.22,1.05,1.4,-17,-6
274,11,0.11,0.11,0.29,-1.3,-15,-2
-86,-35,-0.46,0.08,1.11,0.4,-15,3
-98,-5,-0.33,0.08,0.68,-0.3,-7,-8
234,22,0.04,0.31,1.32,0.7,-11,-18
-216,-41,-0.42,0.01,0.69,0.7,-10,3
-35,5,-0.16,0.14,0.68,0.4,-6,-14
-33,-25,0.59,0.28,0.62,0.7,-14,-16
-341,-34,-0.3,-0.03,0.91,1.3,-10,6
155,-7,0.02,0.02,0.37,0.5,-14,6
282,-23,-0.34,0.12,0.52,-0.9,-13,-6
-196,-26,0.04,0.26,0.76,-0.6,-16,-18
-143,-46,-0.29,-0.05,0.61,0.5,-7,7
147,9,0.28,0.08,0.42,1.4,-5,-12
112,47,0.51,0.34,0.53,0.1,-16,-23
515,-19,0.12,0.22,0.11,-0.6,-18,4
-715,-12,-0.33,-0.11,1.19,1.3,-7,-8
-44,-33,-0.2,-0.09,0.6,-0.5,-6,10
18,0,-0.18,0.08,0.54,-0.6,-10,-5
-3,5,0.21,0.11,0.63,0.1,-12,-7
-3,-8,0.47,0.05,0.9,-1.4,-7,-4
118,27,0.23,0.07,0.42,-0.7,-12,-2
-377,-57,0.14,0.04,0.86,-0.6,-16,6
-138,-11,-0.19,-0.05,1.05,-0.5,-6,-4
-599,42,0.49,-0.09,1.04,1.1,-5,1
-88,-67,0.91,-0.12,0.55,1.9,-11,18
-85,-23,-0.18,0.03,0.54,0.4,-6,3
-73,-41,-0.02,0.02,1.58,-0.9,-17,6
-22,-8,0.04,-0.03,0.51,-0.6,-7,1
54,78,0.49,0.29,0.7,-0.8,-20,-12
31,10,0.1,0.02,0.67,0.5,-8,-4
-236,1,0.13,0.1,1.73,-0.6,-12,-6
-2,-8,0.24,0.14,0.8,-1.3,-13,-7
238,10,0.6,0.13,0.39,-0.1,-10,-9
297,7,0.19,0.03,0.24,2,-4,-2
254,-20,0.25,0.09,0.34,1.6,-9,-6
-78,-25,-0.19,0.01,0.63,1.1,-5,-11
-126,-34,-0.79,0.15,0.86,0.5,-18,-1
-91,42,-0.03,0.13,0.65,1.2,-9,-12
-73,-26,0.11,0.07,0.6,-0.7,-8,-8
-125,-9,0.36,-0.05,0.65,0.2,-7,-3
-64,-20,0.29,0.05,0.89,-0.4,-11,4
235,-5,-0.47,-0.16,0.24,1.6,-4,16
254,-16,0.69,0.16,0.34,1.5,-9,-16
471,11,0.46,0.21,0.13,0.9,-18,-1
-373,-36,-0.07,-0.08,0.81,-0.3,-9,11
334,11,0.05,0.24,0.58,1.7,-17,3
-24,-34,0.16,0.1,0.57,0.3,-12,-6
111,-31,0.24,0.09,0.47,-0.4,-12,-5
-241,4,-0.31,-0.11,0.85,1.8,-10,1
380,40,0.16,0.08,0.19,-0.7,-12,-3
-266,-34,0.27,-0.15,0.79,0.9,-7,9
-179,11,-0.3,0.18,0.76,0.1,-12,-18
-783,-13,-0.46,0.24,1.36,-0.4,-15,-16
-234,10,-0.24,0.09,0.73,-0.4,-10,-6
4,-22,-0.16,0.2,0.8,0.8,-18,-4
-187,-41,0.35,0.03,0.65,0.4,-7,3
-29,-8,0.42,0.12,0.59,0.4,-11,-9
324,1,0.11,-0.04,0.21,0.4,-7,5
401,-25,0.32,-0.02,0.13,-0.9,-7,10
14,-43,-0.35,-0.13,0.44,-1.4,-12,19
-38,-13,0.3,0.17,0.88,-1.1,-20,-3
186,9,-0.24,0.28,0.47,-0.3,-18,-15
433,1,0.22,0.05,0.13,-0.9,-16,7
41,-26,-0.24,0.11,0.56,-0.4,-14,-4
51,-22,0.51,0.06,0.5,0.3,-11,-2
19,-28,-0.37,-0.06,0.7,-0.4,-7,5
92,1,0.38,0.15,0.47,0.8,-10,-14
338,22,0.27,0.29,0.42,1.4,-15,-26
125,-42,-0.05,0.12,0.76,0.1,-10,-7
-64,-51,0.04,-0.06,0.54,0.1,-14,18
122,-51,0.04,-0.02,0.39,0.7,-11,7
219,3,0.13,-0.09,0.3,-0.2,-6,5
805,0,-0.25,0.34,-0.11,0.6,-9,-24
-39,-7,0.09,-0.09,0.59,0.4,-15,19
311,-18,0.34,-0.05,0.19,-0.2,-6,6
-543,36,0.44,0.44,1.36,-0.1,-20,-22
-223,12,0.13,0.13,0.77,-0.1,-6,-14
629,-21,0.02,0.16,-0.09,-1,-11,11
-75,7,-0.12,-0.23,0.52,-0.8,-8,16
-110,-23,-0.22,-0.04,0.58,-2.2,-15,14
-431,-48,0.11,-0.2,1.17,0.3,-12,16
157,-29,0.11,-0.07,0.44,-0.2,-13,15
-55,5,0.19,-0.06,0.53,-0.6,-7,4
269,-38,-0.17,-0.1,0.49,0.5,-5,9
237,-30,-0.12,0.08,0.37,-0.6,-14,1
128,3,0.24,0.12,0.44,0.4,-13,-7
180,-11,0.14,0.09,0.74,0.6,-15,3
-168,-4,-0.59,0.32,0.79,-0.7,-15,-11
-110,-16,0.37,0.04,0.62,-0.5,-6,-3
-87,-34,0.3,0.21,0.66,0.5,-18,-17
183,-46,-0.07,0.08,0.63,0.6,-19,14
-398,-10,0.72,0.25,0.94,0.4,-15,-16
-479,-34,0.04,0.02,0.96,0.6,-5,-2
183,-19,-0.64,0.13,0.37,0.1,-14,6
-146,-10,-0.29,0.06,0.66,0.4,-6,-7
-58,-46,0.17,0.12,0.73,-1,-12,-7
22,-25,-0.37,0.16,0.81,0.4,-17,-6
160,-12,-0.1,0.02,0.67,1,-5,-2
106,-31,0.33,0.03,0.41,0.2,-11,1
58,-18,-0.14,0.26,0.66,-0.3,-20,-8
164,20,0.25,-0.03,0.35,-1,-14,10
126,19,0.32,0.12,0.75,0.4,-19,5
-511,9,-0.56,0.11,1.08,-0.5,-10,-28
-393,-46,-0.35,0.09,0.88,1.7,-11,-4
-150,-17,0.08,0.02,0.66,-0.6,-9,0
191,-29,0.28,0.07,0.35,1.2,-18,7
414,-4,0.89,0.04,0.38,0.6,-17,4
400,-27,0.09,0.06,0.33,-0.7,-19,9
11,-16,-0.04,0.02,0.5,-0.2,-13,3
437,-29,0.45,0.05,0.22,-0.7,-13,2
184,20,0.15,0.07,0.38,0.5,-6,-8
346,-31,0.21,-0.06,0.18,-0.6,-7,7
-9,-39,-0.44,0.14,0.64,0.8,-15,-21
-135,17,0.32,0.04,0.63,-1.1,-14,11
22,-21,-0.24,-0.03,0.81,-1,-10,4
-151,-34,0.47,-0.11,0.58,-1.1,-11,17
-178,-26,-0.77,0.1,0.68,0.2,-18,9
259,2,0.05,0.45,0.37,1.1,-9,-14
-426,-31,0.4,0.03,1.01,-0.1,-10,2
288,-41,-0.31,0.2,0.51,0.6,-18,11
-298,13,0.32,0.07,0.81,0.4,-6,-8
-87,-21,-0.07,0.13,0.63,0.7,-5,-9
231,-25,-0.22,0.01,0.38,0.5,-13,8
977,-29,-0.14,0.14,-0.36,0.9,-9,2
120,-13,-0.13,0.03,0.41,-1.7,-9,-1
-1,-63,-0.22,-0.01,0.52,-0.8,-12,6
181,-23,0.54,0.16,0.38,1.1,-14,-5
36,40,-0.34,0.12,0.56,-0.6,-10,-13
-12,3,0.55,0.04,0.56,-1.4,-17,-7
0,-37,-0.18,0.04,0.66,-1.5,-11,1
-175,-32,0.07,-0.06,0.62,-0.5,-6,8
209,6,-0.55,0.26,0.49,1,-17,-14
-414,50,0.35,0.05,0.95,0.4,-15,-13
-181,-37,-0.5,0.09,0.68,-1.3,-13,9
-106,-34,0.18,-0.02,0.56,-0.5,-7,4
-668,-11,-0.36,-0.14,1.09,-0.8,-9,10
-218,-19,-0.17,0.14,1.26,-0.8,-14,-2
-462,-12,0.39,0.01,1.24,-0.8,-7,-7
-189,-30,0.52,0.2,1.11,1.6,-13,-10
-52,1,0.04,0.17,0.59,-1.4,-11,-14
-152,-38,-0.11,-0.03,0.6,-1.4,-8,4
-85,-20,-0.6,0.02,0.62,-0.1,-10,8
-470,-3,-0.36,0.19,1.1,1.8,-16,-8
-132,-5,-0.35,0.03,0.62,0.4,-6,-3
-79,-16,-0.16,-0.1,0.5,-1.1,-7,19
296,-3,0.22,-0.09,0.22,-1.8,-8,11
-218,-7,-0.02,-0.01,0.66,1,-5,2
465,-2,0.51,0.21,0.12,0.2,-18,1
-265,-34,0.11,0.13,1.06,-0.1,-16,2
-8,-20,0.62,-0.04,0.51,-1,-11,8
-318,-24,-0.45,-0.04,0.76,-1.4,-11,8
-86,-9,0.58,-0.03,0.97,-0.2,-6,-4
329,-49,-0.25,-0.11,0.16,-0.9,-13,19
184,4,0.27,0.14,0.37,-0.8,-16,-5
42,-11,-0.43,-0.09,0.85,-0.2,-7,-5
496,7,0.36,0.19,0.14,1.5,-4,-24
-310,-24,0.29,-0.08,0.76,-1,-11,12
261,8,-0.11,0.02,0.32,-0.5,-7,0
377,7,-0.17,0.36,0.27,-1.3,-16,-15
-144,43,0.18,0.11,0.66,0.5,-8,-11
46,-25,-0.07,0.06,0.51,0.8,-12,-2
5,29,0.3,0.07,0.52,0.5,-5,-6
-66,-29,0.63,0.03,0.58,2.2,-11,3
64,-8,-0.35,0.09,0.58,-0.3,-19,6
92,-23,0.15,0.05,0.43,0.5,-12,2
-237,-29,-0.25,-0.12,0.72,-1.5,-7,-5
378,7,0.12,-0.12,0.12,-3,-15,22
460,-10,0.3,0.19,0.21,1.5,-11,5
288,0,-0.13,-0.18,0.18,0.5,-7,20
-262,-29,-0.3,-0.06,0.73,1.9,-10,9
-114,8,-0.21,0.07,0.63,0.5,-6,-7
474,-8,0.18,0.28,0.33,-0.1,-18,-6
2,-88,0.34,-0.13,0.6,2.2,-4,13
-124,-31,-0.03,-0.09,1.1,-1.5,-14,21
67,-18,0.23,-0.06,0.42,-0.1,-11,10
-337,50,-0.23,0.06,0.86,0.7,-10,-12
237,-9,0.48,0.18,0.35,-0.4,-11,-5
-355,-45,0.24,0.2,1.59,1.1,-20,4
-436,-70,0.24,0.12,1.67,1.2,-16,-1
-202,9,0.1,0.38,1.05,-1.4,-21,-16
-125,-19,-0.32,-0.13,0.82,-2.6,-13,14
-230,25,-0.12,0.07,0.75,0.7,-12,-2
-379,30,-0.34,0.12,0.89,-1.5,-11,-8
-271,36,0.06,-0.1,0.73,0.1,-6,12
-49,-5,-0.19,-0.03,0.76,1.7,-9,4
-309,20,0.35,-0.02,0.78,0.7,-7,4
392,-23,-0.06,-0.02,0.15,-0.3,-16,13
-184,-50,-0.18,-0.02,1.1,1.7,-7,3
-460,-13,0.42,-0.04,0.96,0.2,-10,-11
-33,11,-0.29,0.07,0.61,-1.4,-10,-16
-444,-10,0.2,0.33,1.64,0.1,-17,-16
21,-20,0.25,-0.01,0.51,0.4,-6,2
-198,20,0.11,0.13,0.74,-1.1,-16,-4
-374,10,0.39,-0.05,0.79,0.9,-6,5
-135,1,0.17,0.09,0.66,-0.6,-9,-9
-240,2,-0.33,-0.02,0.74,-1.9,-9,-5
-113,-22,-0.37,0.26,1.26,0.2,-20,4
222,-34,0.07,0.2,0.92,0.5,-19,0
177,-31,0.15,0.07,0.4,1.5,-7,-8
441,-35,-0.02,-0.1,0.06,-0.2,-13,17
27,-34,-0.09,0.04,0.66,2.6,-7,-4
513,-81,-0.57,-0.03,-0.05,-2,-8,20
339,23,0.18,0.04,0.63,-0.8,-15,5
162,-2,0.21,0.15,0.42,-0.5,-11,-10
112,-15,0.14,0.13,0.64,0.4,-6,-16
-11,8,0.17,0.04,0.54,0.6,-6,-5
-50,15,0.14,0.01,0.72,0.5,-16,17
-76,-2,-0.16,-0.09,0.57,-1.2,-13,10
-120,-34,0.29,0.04,0.61,0.5,-7,-4
510,-42,0.37,0.03,0.06,0.4,-8,-4
-25,-11,0.2,0.07,0.8,-0.7,-14,2
-87,-14,0.02,0.05,0.94,0,-7,-3
-497,42,-0.44,0.22,1.3,0.2,-18,-8
201,0,-0.15,0.1,0.47,0.4,-9,-8
357,-36,0.4,0.35,0.39,1.2,-17,-14
-184,2,0.41,0.04,0.9,1.3,-10,5
-117,-20,0.35,0.08,0.63,1.4,-15,1
-122,-20,-0.13,0.12,1.1,-1,-13,-6
-10,13,0.21,0.06,0.56,-1.2,-7,-6
-21,-25,-0.34,0.06,1.06,0.4,-11,0
62,-33,-0.52,0.03,0.48,-0.5,-11,-3
-144,-35,-0.25,0.02,0.6,0.1,-15,15
-41,-16,0.31,0.1,0.59,0.5,-12,-5
12,11,0.15,0.1,0.58,0.6,-11,-5
75,24,-0.22,0.1,0.5,-0.5,-12,-6
-257,-18,-0.17,-0.11,0.67,0.6,-5,13
217,-17,0.14,-0.04,0.26,-0.7,-8,5
80,7,-0.32,0.32,0.59,1.4,-11,-35
-220,-26,-0.26,0.13,0.76,0.7,-10,-12
352,28,-0.01,0.17,0.24,1.3,-15,-3
-470,6,0.25,0.3,1.06,1.7,-5,-33
-6,-29,0.61,0.22,0.76,0.4,-18,-3
17,-29,0.19,0.02,0.5,0.3,-12,3
-211,-11,-0.55,-0.02,0.69,-0.1,-6,3
-189,-22,0.4,-0.04,1.09,-1,-16,-6
-184,14,0.12,0.14,0.73,-1.5,-15,-5
289,-16,-0.25,-0.04,0.68,-2.3,-8,5
355,-9,-0.31,0.18,0.93,-1.5,-17,1
-233,-15,0.41,-0.06,0.72,0.5,-8,7
-26,23,0.36,0,0.54,0.4,-8,3
-276,-70,0.57,-0.03,1.65,-1.2,-13,8
531,-23,0.79,0.37,0.17,-0.4,-20,-23
-181,-34,0.34,0.02,0.69,1.3,-11,4
-456,-32,0.41,0.03,1.06,0.1,-18,-2
100,-44,0.25,0.07,0.43,1.4,-17,5
-254,8,0.02,0.3,1.01,0.3,-18,-24
-194,-64,-0.39,-0.18,0.61,1.9,-10,24
-374,-11,-0.44,-0.18,0.77,-0.5,-10,20
-99,4,-0.06,0.17,1.08,-0.3,-6,-15
-30,-26,0.39,0.25,1.16,0.4,-15,-10
194,-32,-0.55,-0.07,0.31,2.2,-8,9
-33,-37,-0.72,0.03,0.69,-1.2,-19,16
-213,-65,-0.28,-0.11,0.67,1.8,-11,17
17,3,-0.14,0.06,0.51,0.5,-12,1
-701,25,-0.32,0.16,1.21,0.5,-5,-18
-201,-22,0.35,0.11,0.73,1.7,-6,-11
-151,-16,-0.05,-0.24,0.57,0.1,-15,26
-68,-11,0.03,0.19,0.76,0.4,-14,-11
235,-17,-0.72,0.13,0.33,0,-18,4
36,-7,-0.73,0.26,0.55,-0.2,-20,-3
294,-51,0.17,0.08,0.56,-0.8,-14,-3
89,-25,-0.03,-0.03,0.66,0.4,-12,8
485,-5,-0.21,-0.02,0.07,0.2,-11,6
30,-81,-0.05,-0.14,0.61,0.1,-8,15
-274,-30,0.22,0.15,0.88,1.2,-18,-2
-54,2,0.24,0.08,0.74,0.2,-7,-6
-474,-3,-0.22,0.08,0.99,0.5,-12,-4
81,-12,0.35,-0.02,0.47,-0.5,-9,5
469,26,0.25,0.02,0.09,-0.4,-11,4
-141,-62,-0.21,-0.22,0.53,-0.3,-13,30
-257,19,-0.2,0.12,0.77,0.9,-11,1
109,16,0.29,0.28,0.63,0.4,-16,-19
-15,34,-0.28,-0.01,0.5,-0.7,-7,5
-95,-10,0.25,0.03,0.58,-0.8,-11,4
-103,-3,-0.17,0.08,1.26,0.7,-5,-9
66,-1,0.27,0.06,0.45,0.4,-7,-5
-137,12,0.27,0.22,0.72,0.5,-12,-18
-430,-27,-0.44,-0.18,0.91,0.8,-12,-5
341,-4,0.13,-0.01,0.21,0.4,-6,1
-56,-9,0.31,0.11,0.63,0.9,-11,-5
-112,-25,-0.28,-0.14,0.53,0.5,-5,16
-453,-13,-0.06,0.32,1.43,1.2,-20,-11
-199,-35,-0.09,0.07,1.25,1.8,-16,4
221,-16,0.54,0.14,0.5,0.6,-11,-14
-233,-9,0.11,-0.1,0.68,0.4,-6,5
-146,-46,0.55,0.07,0.64,-1.2,-7,-6
3,16,0.43,0.11,0.54,0.4,-13,-6
523,14,-0.04,0.23,0.08,-0.5,-8,-12
673,3,-0.07,0.01,-0.11,1.3,-8,4
-27,-8,0.15,0.09,0.55,0.7,-8,-6
-315,-22,0.34,0.16,0.85,0.5,-12,-13
-60,-25,0.26,0.09,0.83,-1,-20,7
-50,-2,0.68,0.15,0.64,0.7,-11,-12
-180,-58,-0.27,-0.15,0.6,-0.1,-6,14
-59,-2,-0.44,0.01,0.54,0.7,-9,4
-733,-17,-0.24,0.02,1.79,-0.8,-18,-12
162,-30,0.24,-0.13,0.32,-0.6,-7,16
232,-41,0.52,-0.06,0.4,0.9,-9,20
138,-69,-0.37,0.04,0.39,-0.8,-16,7
30,5,-0.43,0.28,1.15,-1.3,-15,-16
103,-44,-0.24,0.02,0.42,-0.5,-12,5
-5,-28,0.28,0.03,0.51,0.4,-7,-3
449,-15,-0.04,0.1,0.73,-0.6,-19,0
-30,-36,-0.5,0.04,0.7,-0.2,-10,0
-32,-19,0.41,0.32,0.69,0.5,-16,-20
-11,-7,-0.74,0.28,0.63,-0.7,-21,-12
-370,-16,0.32,0.05,0.88,-0.7,-13,1
156,-28,-0.17,0.05,0.39,0.9,-5,-5
-208,-68,-0.18,-0.08,0.63,-0.6,-16,22
-96,-26,0.24,0,0.61,-0.6,-9,3
166,1,0.13,0.2,0.41,0.5,-19,-7
281,-26,0.19,-0.03,0.25,0.6,-5,6
-436,-14,-0.32,-0.2,1.11,1.8,-10,2
197,-50,0.27,-0.04,0.3,-1.5,-12,10
115,-13,0.1,0.12,0.65,0.2,-19,6
-100,4,0.06,0.15,0.73,-0.1,-7,-16
-78,-14,-0.08,0.12,0.86,-0.5,-13,-4
-318,-4,-0.03,0.14,0.83,-0.7,-16,0
-182,-22,-0.51,0.06,0.9,-0.3,-10,-6
-156,-5,-0.24,0.08,0.72,0.8,-9,-9
-130,-28,-0.51,-0.03,1.29,-0.2,-14,12
400,-13,0.21,0.24,1.16,0.9,-10,-14
448,-69,0.13,-0.05,0.2,-0.4,-16,26
562,-6,-0.18,0.09,-0.02,-0.9,-16,7
-390,29,0.58,0.19,1.22,-0.6,-18,-18
197,9,0.15,0.07,0.36,0.1,-7,-13
-20,4,0.15,0.15,0.56,0.4,-6,-17
50,-21,0.02,-0.04,0.45,-0.6,-8,6
-6,15,-0.29,0.19,0.77,-0.7,-20,1
-213,-10,-0.16,-0.03,0.67,1,-7,4
670,7,0.18,0.25,-0.05,-1.1,-8,-16
-225,-4,-0.2,0.14,1.56,0.4,-11,-6
29,-23,0.22,-0.09,0.42,0.5,-6,8
33,-15,-0.17,0.1,0.5,-0.3,-13,-4
-111,7,0.25,0.14,0.91,0.6,-11,-9
-287,8,0.2,0.01,0.81,-0.3,-6,-24
61,-31,-0.13,0.1,0.5,0.9,-14,-3
182,-22,0.37,-0.02,0.31,0.3,-19,15
198,-18,-0.09,-0.16,0.25,-0.4,-9,20
-86,11,0.44,0.29,0.72,1.3,-6,-36
-299,-4,0.1,0.3,0.93,1.8,-10,-29
495,8,-0.93,0.32,0.15,0.8,-18,-13
277,-57,0.54,0.17,0.27,0.1,-11,14
-30,-17,0.04,-0.04,0.57,-0.5,-14,13
-399,32,-0.44,-0.06,0.88,-0.7,-9,3
539,-17,0.83,0.04,0.02,-1.1,-14,4
600,-14,0.14,0.09,-0.02,1.6,-13,-3
-23,-3,-0.48,0.01,0.51,0.1,-10,3
76,-4,0.17,0.08,0.48,0.4,-7,-6
252,-16,-0.13,-0.12,0.23,-0.7,-8,14
-311,12,0.03,0.19,0.85,-0.3,-6,-12
-143,-15,-0.41,0.08,0.68,0.9,-15,1
-189,-45,0.12,-0.02,0.66,0.2,-6,2
-314,-55,0.33,0.09,1.34,1.4,-14,2
-539,5,-0.36,0.14,1.79,0.4,-13,-6
107,-30,0.1,0.05,0.39,-0.2,-13,8
149,1,0.18,0.23,0.46,0.4,-13,-19
-381,-5,0.35,0.07,0.92,-1.9,-15,-7
28,-99,-0.42,-0.14,0.41,0.2,-15,24
-76,-27,0.3,0,0.59,-0.4,-8,2
115,-15,-0.21,-0.05,0.37,0.5,-7,7
-102,3,0.02,0.05,0.6,-0.1,-9,-3
68,14,-0.26,-0.02,0.44,1.1,-5,1
685,17,0.57,0.05,-0.11,0.2,-10,0
-508,-38,-0.24,0.01,0.95,0.9,-14,8
21,-63,-0.44,-0.06,0.46,0.5,-7,9
675,-54,0.02,-0.02,-0.15,-2.7,-9,3
-178,-26,0.22,0.1,1.22,1.6,-17,6
26,7,-0.31,0.21,0.92,0.4,-6,-20
101,-21,0.42,-0.04,0.39,-0.3,-6,5
-288,7,-0.4,0.12,0.85,0.4,-10,-10
-200,-30,0.49,0.07,0.73,0.3,-8,-6
-36,-35,0.17,0.09,0.63,0.5,-10,-5
-178,-33,0.55,0.03,1.2,0.2,-13,9
-72,-43,-0.19,0.15,0.95,-0.7,-14,-6
241,-8,0.41,0.04,0.31,0.3,-13,-3
-130,-34,0.39,0.02,0.59,-0.3,-10,11
-67,-29,-0.17,0.03,0.75,-0.6,-13,5
116,28,-0.41,0.12,0.45,-0.4,-7,-12
-37,-38,0.03,-0.07,0.5,0.5,-15,12
150,-25,-0.13,-0.07,0.34,-0.6,-7,9
68,-19,-0.3,-0.07,0.42,-0.2,-10,12
131,7,0.35,0.01,0.37,-0.7,-8,2
617,-26,0.25,0.18,-0.04,0.3,-12,4
29,-15,-0.31,-0.09,0.43,-0.5,-7,10
166,15,0.17,0.17,0.43,0.3,-10,-11
4,-14,-0.12,0.12,0.85,0.8,-9,-8
173,-13,-0.68,0.27,0.54,-0.1,-21,-2
-339,-34,-0.74,0.09,0.83,0.5,-15,3
28,-33,-0.79,0.22,0.59,-0.3,-19,-8
-87,-43,0.23,-0.12,0.55,-0.2,-9,8
-255,-2,0.3,-0.03,0.74,0.8,-5,1
1,-26,-0.5,-0.16,0.57,0.1,-11,4
185,-47,0.35,-0.02,0.32,0.4,-6,1
-294,2,0.39,0.18,0.87,1.4,-5,-20
-87,42,-0.48,0.08,0.63,-0.5,-6,-9
-39,-29,0.37,0.06,0.55,1,-6,-4
-405,-45,-0.18,-0.23,0.86,0.2,-14,11
-230,-48,-0.42,0.07,0.72,0.4,-12,6
-41,-36,0.34,0.12,0.99,0.7,-17,3
-267,-4,0.06,0.08,0.76,0.5,-5,-9
-299,-51,-0.21,0.04,1.1,0.5,-10,1
448,-41,0.15,0.04,0.23,-0.6,-7,5
-322,-13,-0.11,0.06,0.84,1,-6,-6
492,-4,-0.19,0.08,0.12,-1.7,-13,13
-100,-17,0.1,-0.06,0.9,0.3,-11,5
64,-59,-0.12,-0.06,0.78,0.3,-9,8
23,-24,-0.15,0.03,1.16,-0.6,-8,3
-1,-32,-0.2,-0.02,0.47,-1.2,-8,4
-113,-16,0.43,0.12,0.63,0.3,-7,-11
18,3,0.29,0.02,0.48,0.7,-5,-2
-24,17,-0.4,0.13,0.73,0.1,-10,-13
-221,-54,-0.58,0.15,1.02,1.3,-17,3
93,-14,-0.26,-0.03,0.43,1.7,-6,4
-19,-12,0.34,0.13,0.54,1.3,-6,-14
262,-6,0.17,0.04,0.28,0.6,-5,-4
-411,-10,-0.04,-0.09,0.85,2.4,-6,9
-131,2,0.5,0.34,0.79,0.4,-14,-29
-119,-36,0.03,0.07,0.65,0.5,-12,-6
132,-25,-0.29,-0.1,0.36,1.6,-7,13
-665,-63,0.1,0.08,1.12,1.6,-13,2
598,17,0.25,0.1,0.12,-0.6,-12,1
289,13,-0.16,0.07,0.25,0.6,-7,-6
-111,-23,0.17,0.1,0.98,0.5,-10,-6
-15,-6,-0.58,0.08,0.56,0.4,-8,-7
-128,-3,0.2,-0.03,0.61,1.4,-6,-1
-256,17,-0.08,0.04,0.73,0.5,-6,-2
330,-12,-0.48,0.1,0.26,-1.9,-17,4
-71,-23,-0.36,-0.05,0.68,1.2,-9,7
-540,-23,-0.08,0.19,1.08,-0.9,-17,-9
-235,19,0.15,0.12,0.75,-0.1,-13,-7
206,35,0.12,0.15,0.33,-1.7,-9,-14
349,-37,-0.45,0.21,0.43,-0.7,-17,-4
-340,7,0.16,0.12,0.89,1.7,-4,-14
44,-4,-0.27,-0.02,0.6,1.3,-7,2
23,-40,0.14,0.25,0.55,0.7,-10,-12
440,-6,0.15,-0.01,0.08,-0.5,-6,3
-3,-26,-0.13,0,0.5,-0.6,-7,2
96,-17,0.25,-0.14,0.81,0.6,-10,16
213,-2,0.33,0.07,0.35,-0.9,-7,-7
216,-28,0.09,0.14,0.38,-1.8,-13,-10
597,-35,0.16,-0.02,0.67,-1.1,-13,9
103,-34,0.19,0.04,0.44,-1.1,-17,5
-115,20,-0.21,0.05,0.62,0.7,-10,-2
-421,7,-0.37,0.17,1,-0.5,-20,4
-55,-9,-0.13,0.11,0.57,-0.5,-7,-9
43,-3,0.32,0.05,0.53,1.3,-6,-10
-148,-11,-0.38,-0.03,0.69,-0.8,-7,5
48,0,-0.56,0.12,0.99,-1.7,-17,2
290,-33,0.05,0.01,0.36,-1.9,-20,16
204,13,0.12,0.08,0.35,0.4,-13,-2
132,-4,-0.14,0,0.33,-0.2,-7,10
291,-53,0.55,0.03,0.25,-0.9,-13,4
-36,-22,0.21,0.07,0.58,-0.8,-8,-7
180,-26,-0.72,0.02,0.35,0,-13,2
112,-14,-0.33,-0.05,0.43,0.6,-11,10
-322,-6,-0.1,0.08,0.8,-0.3,-6,-9
-6,-52,-0.63,-0.03,0.78,-1.1,-10,9
149,-3,0.26,-0.06,0.33,-0.6,-11,10
-113,26,-0.15,0.19,0.9,1.4,-20,-8
-304,-34,0.25,0.37,0.94,-1.7,-15,-32
266,-30,-0.21,-0.08,0.2,-0.5,-6,10
298,-57,0.32,0.06,0.33,0.1,-18,6
-24,48,-0.15,0.19,0.59,-0.5,-13,-11
-248,-7,0.04,0.09,0.93,0.3,-12,-5
-426,-24,-0.23,0.1,0.92,1.1,-14,-3
236,-61,-0.16,-0.03,0.45,-0.6,-6,3
77,-28,-0.09,0.03,0.61,-0.6,-15,8
266,-36,-0.14,-0.07,0.38,1,-12,15
-163,-11,-0.68,0.01,0.69,-1.9,-16,12
-254,-43,0.11,-0.04,1.03,0.8,-18,22
259,-1,0.39,0.27,0.47,-1.6,-9,-16
2,-34,0.78,0.16,0.57,0,-19,1
-217,-25,0.3,0.17,1.4,-1.5,-19,4
-11,-30,-0.02,0.08,0.53,0.1,-19,8
-253,-28,0.32,0.13,0.81,0.3,-11,-17
247,-33,0.09,-0.07,0.34,-0.9,-8,9
-143,-1,-0.33,-0.03,0.63,0.3,-6,5
-127,17,0.09,0,0.62,-0.6,-11,3
119,-28,0.04,-0.17,0.33,-0.9,-12,23
50,3,0.12,0.09,0.53,0.5,-6,-9
-362,-28,0.3,0.03,1.16,1.7,-14,-26
101,-73,0.05,0.05,0.63,1,-14,4
5,37,0.08,0.2,0.73,1.1,-12,-19
148,7,0.17,0.02,0.36,-0.6,-7,-2
-3,-49,-0.63,-0.12,0.44,-1.4,-11,14
-106,-5,-0.25,0.06,0.7,-0.5,-6,0
36,-28,0.33,0.13,0.55,-0.5,-14,-3
-60,-19,0.15,0.02,0.55,-0.6,-6,-1
82,-6,0.1,0.03,0.54,0.1,-11,2
-185,14,-0.18,0.03,0.67,0.6,-5,-3
-128,-54,0.6,0.03,0.65,0.5,-10,-4
-465,-4,-0.1,0.04,2,-1.6,-11,1
132,-54,-0.05,0.11,0.68,0.6,-19,7
101,-30,0.17,0.04,0.97,0.4,-11,3
265,13,0.2,0.19,0.32,1.9,-6,-11
-131,-12,-0.29,0.17,0.69,0.2,-13,-16
163,-31,-0.35,0.16,0.64,1.2,-6,-1
-89,-10,-0.16,0.19,0.65,-1.7,-22,1
-198,-6,-0.11,0.06,0.87,1.3,-12,0
-201,-49,-0.1,-0.04,0.73,0.8,-6,-12
-289,-60,-0.52,0,0.79,-0.6,-11,5
143,-15,-0.42,0.01,0.52,0.7,-9,2
-375,-49,-0.13,-0.06,1.01,-0.5,-12,13
-434,-34,-0.24,-0.14,0.84,-0.5,-6,12
-634,-82,-0.03,-0.06,1.14,0.8,-14,11
-281,9,0.02,0.1,0.78,1.1,-14,-4
-255,-11,0.18,0.17,0.83,-1.9,-14,-15
93,-40,0.35,0.04,0.62,0.3,-13,3
-186,-19,0.06,-0.07,0.66,1.1,-6,9
-165,-28,0.45,0.12,1.19,0.6,-13,-5
306,-44,0.02,0.16,0.26,-1.4,-14,-8
-342,21,0.21,-0.05,0.8,-1,-12,3
-231,-53,-0.4,0.01,0.72,0.9,-10,4
-97,27,-0.03,0.15,0.64,-1.1,-8,-14
-26,-47,-0.42,-0.11,0.5,0.6,-12,13
-180,-22,-0.13,0.05,0.71,-0.6,-11,-5
280,-6,0.27,0.01,0.25,0.7,-9,2
-76,-29,0.28,0.02,0.98,-0.8,-13,5
-78,2,-0.05,0.05,0.58,-0.5,-6,-5
539,-4,-0.17,0.09,0.05,0.6,-5,-8
-204,-22,0.15,0.1,1.35,0.4,-19,12
-132,4,0.35,0.02,0.64,-0.8,-15,6
-135,-13,0.22,0.05,0.63,-1.5,-7,-3
460,7,0.59,0.12,0.17,0.8,-15,-6
-525,-26,-0.4,-0.03,0.95,0.5,-5,9
-190,-36,-0.22,0.14,0.72,1.6,-11,-9
343,-12,0.22,0.05,0.21,0.2,-16,6
186,-56,0.04,-0.07,0.32,-1.3,-12,16
56,-23,-0.35,0.15,0.64,-1.4,-20,3
-448,-3,-0.15,-0.07,1.16,1.5,-14,-5
-97,-5,0.65,0.03,0.64,-0.3,-16,-2
314,-44,-0.1,-0.04,0.25,-0.3,-12,9
134,-3,-0.39,-0.2,0.29,-0.2,-11,26
63,-8,-0.38,0.04,0.44,0.1,-6,-4
-37,-85,-0.3,0.04,0.55,0.8,-12,2
116,-31,-0.4,0.04,0.41,-0.7,-12,8
-255,-44,-0.3,-0.19,0.7,-0.5,-11,10
-112,-15,-0.3,0.04,0.63,0.4,-7,-4
-116,11,-0.27,0.05,0.61,0.6,-5,-6
462,29,0.04,0.25,0.18,-0.6,-8,-25
602,-9,0.56,0.15,0.02,-0.7,-8,-12
290,-25,-0.13,0.12,0.22,1.1,-12,16
-351,-69,0.06,0.01,0.87,1.5,-7,-8
329,-10,-0.36,0.15,0.26,-0.9,-11,-13
-187,-6,-0.18,0.06,0.67,-0.9,-10,3
-290,-14,0.11,0.11,0.78,-1,-8,-11
400,-15,0.46,0.18,0.15,1.1,-6,6
385,-28,0.1,0.21,0.53,-0.1,-13,-11
128,-20,0.08,-0.05,0.4,-1.9,-15,13
256,-10,-0.16,0.08,0.68,-0.1,-16,5
76,-25,-0.3,0.11,0.53,1.8,-14,-3
119,22,-0.37,0.06,0.42,1.6,-4,-8
173,-20,0.08,-0.12,0.45,-0.7,-7,14
-369,13,-0.17,0.07,0.89,1.7,-5,-8
149,-24,0.32,0.07,0.56,0.2,-19,10
205,13,-0.15,0.08,0.42,-0.8,-11,-5
192,-23,0.42,0.07,0.37,0.3,-8,-8
162,-10,0.39,-0.06,0.34,-0.5,-6,7
-261,-22,-0.28,-0.01,0.74,1.6,-4,0
-240,-12,0.14,0.02,0.9,0.5,-15,8
-553,-68,0.2,-0.15,1.05,-0.7,-13,16
77,11,0.04,0.33,0.76,-1.6,-22,-15
-178,-31,-0.01,0.04,0.69,0.5,-12,-2
173,-34,0.57,-0.11,0.41,0.3,-14,19
-30,-5,-0.25,0.08,0.59,0.7,-5,-9
413,-28,0.35,0.22,0.27,-1.8,-20,12
-267,-24,-0.35,-0.01,0.74,-0.6,-7,3
-27,22,-0.46,0.01,0.56,-0.3,-8,2
-112,-47,-0.49,-0.03,0.59,-0.5,-11,8
106,-24,0.25,0.05,0.51,0.5,-12,2
2,-16,0.34,0.15,0.67,0.4,-7,-15
5,-35,0.18,-0.09,1.19,-0.8,-9,10
-74,-14,0.22,0.25,1.4,-0.7,-21,-5
-472,-13,0.09,0.01,0.95,-1,-11,4
-378,-6,-0.02,0.24,1.54,-2,-16,-5
42,-17,-0.42,0.09,0.49,0.5,-19,4
-273,28,-0.18,0.11,0.78,-0.5,-6,-11
97,-4,0.11,-0.12,0.37,-0.2,-11,17
-259,-39,-0.4,0.06,0.73,1.1,-9,1
-36,-21,0.17,0.13,0.62,1,-10,-9
-189,-49,-0.02,-0.1,0.64,0,-7,12
505,-7,0.71,-0.03,0.05,1,-9,8
-84,-24,-0.42,0.03,0.58,-0.3,-8,2
-19,-13,0.31,-0.05,0.48,-0.8,-8,7
31,-9,-0.02,-0.09,0.54,-0.1,-9,12
-344,-31,-0.82,0.15,1.54,1.1,-17,3
-148,0,0.32,0.07,0.63,0.5,-5,-8
-514,-63,0.26,0.08,1.03,0.6,-10,-3
-129,-29,-0.11,-0.1,0.61,-1,-10,12
91,-29,0.01,-0.05,0.4,-1.3,-8,6
245,28,0.19,-0.03,0.26,0.8,-9,5
63,-14,-0.6,0.04,0.74,0.3,-12,4
-122,-36,-0.22,0.12,0.82,0.8,-15,-3
348,20,0.24,0.02,0.22,-1.4,-14,1
44,-16,0.6,0.3,0.66,1.1,-18,-10
-160,19,-0.28,0.05,0.66,-0.4,-13,3
131,-14,-0.17,-0.03,0.36,0.6,-6,4
-554,-10,0.26,0.09,1.03,-0.2,-10,-7
351,-27,0.31,-0.01,0.17,-0.3,-13,9
-187,-55,-0.49,-0.15,0.7,-0.9,-11,8
64,21,-0.18,0.13,0.47,2.7,-3,-18
-523,-4,-0.31,-0.17,1.14,0.3,-9,13
183,-49,0.25,-0.14,0.27,-1.6,-12,21
116,-3,-0.44,0.38,0.63,-1.3,-20,-19
-163,-6,0.06,-0.04,0.64,0.1,-6,4
329,-11,-0.01,0.15,0.26,0.7,-10,-14
-13,-30,-0.02,0.05,0.67,-0.2,-10,-1
171,28,0.03,0.24,0.52,1.9,-14,-16
205,18,0.21,0.2,0.48,0.6,-7,-24
-155,11,0.15,0.26,0.76,0.4,-16,-18
-173,3,-0.58,0.31,0.8,0.7,-9,-28
-134,2,0.14,0.24,0.81,0.4,-11,-22
35,-55,-0.48,-0.05,0.43,-1.3,-7,5
548,-3,0.46,0.02,0.03,-0.7,-14,1
94,44,-0.5,0.14,0.46,0.8,-17,-5
-126,4,-0.05,0.07,0.61,0.1,-9,-6
353,-55,0.48,0.07,0.19,0.1,-15,4
-105,-53,-0.08,-0.07,0.56,0.5,-11,15
-104,-41,-0.29,0.07,0.61,-0.5,-19,10
103,-71,-0.1,-0.13,0.78,-0.7,-7,12
101,33,-0.05,-0.07,0.4,0.6,-5,7
149,-64,0.42,-0.08,0.33,-0.8,-7,7
149,8,0.34,-0.02,0.4,0.4,-8,6
365,-21,0.5,0.04,0.19,-0.8,-12,-1
79,-1,0.11,0.01,0.82,1.6,-17,10
208,-3,0.25,0.14,0.33,-0.6,-8,-3
621,-42,0.16,0.17,0.03,-0.8,-8,-18
-355,-26,-0.32,-0.02,0.79,-0.8,-7,2
311,8,0.3,0.23,0.31,0.2,-10,-23
160,-15,-0.17,-0.03,0.58,0.7,-5,3
17,-30,0.4,-0.06,0.47,0.3,-10,10
-393,-37,-0.05,0.04,0.85,-1.4,-7,1
-313,33,-0.31,0.22,1.46,0.6,-15,-6
323,-46,0.29,-0.06,0.24,0.5,-10,10
-95,47,-0.57,0.32,0.73,1.5,-14,-24
-315,-10,-0.26,0.14,0.85,1.5,-9,-14
320,38,0.19,0.08,0.25,0.5,-6,-8
-52,-28,-0.31,-0.06,0.48,-0.5,-7,12
361,-3,0.43,0.01,0.17,0.1,-8,2
-213,-15,0.26,0.08,1,1.4,-18,-8
-233,-36,-0.19,-0.07,0.65,0.1,-7,8
305,43,0.16,0.15,0.27,0.5,-8,-15
-29,-5,0.02,0.02,0.52,-0.8,-8,-1
-155,-31,0.22,-0.02,0.63,1.5,-12,7
-334,-13,0.46,-0.04,0.81,0.6,-5,-5
117,19,-0.13,0.11,0.44,-0.4,-16,0
-299,-11,-0.15,0.09,0.82,-0.5,-13,-6
67,-15,0.59,0.31,1.07,0.1,-19,-8
-37,-19,-0.27,0.05,0.55,0.4,-9,-4
48,3,-0.24,0.01,0.47,0.5,-5,3
90,-41,0.29,-0.1,0.36,0.5,-5,11
98,4,-0.1,0.03,0.41,0.5,-5,-4
174,-40,0.32,0.05,0.37,0.3,-15,5
-206,-55,-0.15,-0.01,0.69,-0.5,-8,2
58,-48,-0.07,-0.08,0.45,-0.3,-8,10
284,-40,0.28,0.15,0.61,-1.6,-14,-4
-31,-38,0.21,0.12,0.71,0.4,-21,8
155,-16,0.08,-0.1,0.43,0.5,-9,12
335,48,0.39,0.1,0.24,0.3,-11,-9
251,-25,-0.12,0.14,0.33,0.5,-19,1
240,-22,-0.08,0.09,0.31,-1.3,-7,-2
463,-3,0.41,0.02,0.15,0.8,-15,9
-229,-9,-0.04,0.13,0.78,0.8,-11,-10
-308,-23,0.24,0.03,1.21,1,-6,-9
-176,-43,-0.67,0.02,0.71,-0.2,-11,-7
-40,-37,-0.19,0.14,0.59,0.6,-7,-14
230,-8,-0.12,0.09,0.56,-0.7,-20,9
-122,-4,0.04,0.15,0.66,1.1,-6,-16
-19,-49,-0.06,-0.14,0.57,-1.2,-16,27
82,-7,0.37,0.2,0.57,0.4,-8,-14
114,-14,0.01,0.02,0.37,0.3,-9,1
-564,27,-0.18,0.03,1.4,1.8,-14,-17
-447,49,-0.18,0.08,0.96,-0.5,-11,-12
-44,8,-0.34,0.03,0.54,-0.8,-7,-3
-511,70,-0.27,0.16,1.03,1.3,-10,-15
107,-26,-0.17,0.19,0.71,-0.5,-20,1
485,-13,-0.12,0.29,0.12,-0.6,-16,-2
-267,-43,0.01,0.27,1.1,0,-16,-5
483,-24,-0.05,-0.04,0.15,-0.5,-14,13
-187,14,0.06,0.02,0.68,1.5,-9,2
-218,-9,0.27,0.07,0.72,-0.9,-14,0
-442,-48,-0.2,-0.04,1,-0.5,-8,2
-372,-34,-0.42,0.08,1.7,-0.2,-12,-6
-54,-40,-0.03,0.07,0.57,0,-19,9
176,-2,0.39,0.19,0.44,0.2,-13,-4
181,-6,0.15,0.01,0.33,0.6,-5,0
2,1,0.12,0.15,0.83,-1,-11,-10
-159,-80,0.14,-0.37,0.58,-0.9,-9,14
215,-64,-0.25,0.01,0.33,0.5,-5,-1
263,5,-0.16,0.33,0.74,-1.1,-21,-11
-331,-9,-0.19,0.02,0.79,0.5,-12,11
-26,-26,-0.04,-0.1,0.49,1.1,-6,10
-96,-17,-0.35,0.03,0.74,-0.4,-6,-5
-33,30,-0.21,0.1,0.58,2.8,-13,-4
29,-41,0.1,-0.12,0.43,-0.9,-8,14
56,-2,-0.05,0.29,0.8,-0.2,-19,-15
234,8,0.13,0.01,0.31,-0.7,-7,0
245,-7,0.12,-0.01,0.22,-0.3,-8,17
-49,6,0.13,-0.06,0.5,-1.6,-10,20
-349,-50,-0.25,-0.11,0.77,0.5,-14,19
-205,-8,-0.24,0.23,1.22,0.6,-18,-6
-70,13,0.15,0.15,0.74,1.7,-4,-16
362,-16,-0.35,0.15,0.23,-1.6,-19,2
38,-39,-0.35,0.05,0.98,-1.4,-13,4
-323,-46,-0.35,-0.09,0.76,1.1,-5,13
15,-10,0.03,0.12,0.55,1.4,-10,-10
-158,14,0.2,-0.06,0.59,0.6,-6,8
-116,-16,0.11,-0.05,0.69,-1.3,-7,6
90,2,0.45,0.2,0.55,0.5,-15,-11
640,-11,0.62,0.14,-0.02,-0.4,-14,-8
9,52,0.47,0.25,0.6,0.4,-12,-20
-9,-21,-0.17,0.06,0.62,-0.8,-8,-6
-77,-21,0.2,0.04,0.61,-1.5,-9,-3
185,-36,0.19,0.05,0.52,-0.6,-13,4
57,30,-0.26,0.1,0.51,0.3,-8,-9
65,-27,-0.07,-0.02,0.43,-0.6,-7,3
4,-20,-0.15,-0.09,0.48,-0.7,-11,14
-63,3,0.33,0.1,0.59,1.1,-9,-10
-458,38,-0.22,0.17,0.99,0.9,-5,-19
-237,46,-0.64,0.02,0.73,-0.5,-6,-2
-82,-35,-0.22,-0.15,0.54,-0.8,-12,13
17,-13,-0.27,0.1,0.69,-0.9,-9,-2
-158,-48,0.27,0.06,0.63,-0.3,-6,-6
-191,-7,0.3,-0.02,0.7,-1.1,-9,4
-123,-61,0.21,-0.03,0.8,0.1,-13,9
-97,-26,0.31,0.08,0.81,-1,-12,-3
425,-51,0.21,-0.07,0.21,-1.8,-18,19
-201,-23,-0.68,0.04,0.74,0.3,-6,-13
47,8,-0.26,0.19,0.53,1.6,-4,-20
-272,25,0.07,-0.07,0.77,0.1,-11,-5
530,16,0.58,0.3,0.28,0.2,-20,-6
124,-63,-0.13,0.11,0.46,2.6,-5,-12
29,-16,-0.36,-0.16,1.45,-0.4,-6,3
1,-6,-0.09,0.02,0.52,-0.3,-8,1
-480,-38,-0.58,0.08,0.95,0.1,-16,5
67,-7,-0.13,-0.05,0.44,0.5,-6,6
415,-12,-0.15,-0.02,0.13,-0.6,-14,10
13,-10,-0.3,0.06,0.54,-0.4,-10,-3
-149,10,0.32,0.2,0.76,-1.4,-20,-4
-45,-47,-0.49,-0.1,0.55,-1.7,-13,4
-324,-57,-0.26,0.03,0.81,-1.8,-8,-3
112,-3,-0.18,0.05,0.43,-0.9,-11,-1
-262,14,-0.53,-0.03,1.05,-0.2,-18,4
-666,-33,0.09,-0.1,1.09,0.8,-9,13
-158,-20,-0.2,0.04,0.72,-0.6,-12,2
-448,-11,0.01,0.09,1.22,1.8,-6,-9
291,-42,-0.09,0.06,0.26,1.2,-6,-12
-289,-8,0.19,-0.06,0.89,-0.6,-10,8
-106,-29,-0.2,-0.04,0.68,0.6,-14,14
167,-71,-0.4,0.26,0.59,0.9,-15,-14
339,14,0.32,0.25,0.31,-0.9,-15,1
-59,-36,-0.21,0.17,0.6,-1.1,-14,-4
363,-43,-0.27,-0.04,0.28,0.9,-15,13
41,-17,0.35,0.01,0.44,-1.5,-8,2
501,-26,0.18,-0.14,-0.02,-0.3,-7,23
68,-24,-0.24,0.02,1,1,-11,4
278,-16,-0.18,0.02,0.28,-0.7,-10,-2
211,10,0.06,0.22,0.41,-0.6,-9,-22
64,7,0.12,0.03,0.44,-0.8,-11,2
371,11,-0.02,0.04,0.17,-1.6,-11,1
111,13,-0.17,0.02,0.56,-1.9,-18,12
-399,2,-0.44,0.07,0.9,0.2,-13,0
-96,-24,-0.15,-0.05,0.55,0.9,-6,6
93,-36,-0.24,-0.17,0.36,0.6,-11,22
-263,-22,-0.3,0.06,0.76,-2.2,-13,5
-354,16,0.01,0.09,0.88,0.9,-5,-8
59,-58,-0.18,-0.15,0.44,-1,-12,3
361,1,0.16,0.05,0.27,-0.7,-7,-7
-285,-2,0.44,-0.24,0.89,0.5,-7,-3
313,-25,0.61,0.34,0.33,1.1,-18,-2
-28,-14,-0.26,-0.06,0.52,0.9,-7,8
-36,22,0.13,0.19,0.61,1.5,-8,-19
194,-31,0.42,0.03,0.34,0.5,-10,-3
159,-6,0.17,0.09,0.39,-0.7,-11,-6
-261,-27,0.31,0.1,1.33,-0.6,-14,5
309,24,0.08,0.1,0.27,0.5,-6,-13
363,-5,-0.25,0.03,0.19,-1,-12,4
14,-23,0.22,0.18,0.62,0.5,-19,-4
-459,-7,-0.27,0.04,0.98,-0.6,-13,-1
-24,-44,-0.12,0.03,0.53,1.3,-9,0
-122,-7,0.3,0.04,0.62,-0.5,-13,5
598,-63,0.66,-0.11,-0.09,0.1,-13,19
-207,-47,-0.17,-0.08,0.63,0.1,-10,15
339,-4,-0.72,0.18,0.21,-1.2,-15,13
-216,61,-0.33,0.15,0.96,-1.3,-12,-10
-267,14,-0.19,-0.08,0.79,0.5,-12,-11
-414,48,0.33,0.08,0.92,-0.9,-12,1
-253,-50,-0.23,0.02,1.07,1.7,-16,-4
91,-21,-0.14,0.1,0.65,-0.2,-19,8
-207,-7,0.09,-0.04,0.68,-0.7,-8,4
-236,-14,0.43,-0.04,0.72,0.4,-11,7
-42,-42,-0.25,-0.06,0.53,-1.5,-14,8
-179,-73,0.27,-0.11,0.69,-0.9,-14,17
-69,-4,0.02,0.2,1.12,0.3,-10,-15
-186,-6,-0.35,0.06,0.69,-0.6,-11,-4
-3,-8,0.59,0.1,0.65,0.4,-11,-6
-10,-38,-0.19,0.13,0.64,0.1,-20,5
-89,-10,0.56,0.01,0.96,0.3,-6,0
-210,-2,-0.15,0.09,0.76,0.7,-12,-14
74,9,0.12,-0.05,0.38,-0.5,-7,6
165,4,0.14,0.14,0.78,0.4,-11,-9
193,65,0.27,0.05,0.37,0.4,-6,-6
-240,41,-0.15,0.17,0.81,1.4,-7,-18
-138,12,0.34,0.29,1.03,0.2,-18,-9
-140,-22,-0.29,-0.15,0.56,-1.6,-11,27
-64,-35,0.03,0.12,0.68,1.5,-14,-4
333,-49,-0.08,0.02,0.23,-0.5,-18,14
-126,1,-0.08,-0.06,0.6,1.6,-6,6
-380,8,-0.3,-0.02,0.84,0.4,-6,2
213,-22,0.45,0.01,0.41,0.8,-10,4
-115,-68,-0.55,-0.14,0.97,1.2,-14,23
-119,18,0.21,0.08,0.66,0.5,-7,-9
-96,-6,0.06,-0.08,0.56,2.2,-12,18
256,22,-0.18,0.29,0.37,1.2,-18,-15
105,-23,-0.21,-0.02,0.4,0.6,-12,9
-368,-39,-0.1,0.17,0.96,0.3,-18,-4
-96,8,0.08,0.29,0.91,1.6,-13,-20
276,-48,0.12,-0.11,0.22,-0.2,-12,17
-98,-32,-0.07,0.03,1.13,0.7,-5,-3
-33,-34,-0.3,-0.14,0.79,0.7,-10,1
194,-33,-0.08,0.21,0.36,0.5,-6,-18
-541,-35,-0.27,0.01,0.98,1,-14,8
148,-41,-0.45,0.23,0.47,-0.9,-21,-5
75,-45,-0.23,0.03,0.44,0.8,-7,2
-186,-5,0.28,0.11,0.78,0.4,-6,-11
-224,31,0.19,0.13,0.77,-1.7,-8,-13
-70,5,-0.17,0.13,1.31,-0.8,-12,-5
142,-31,0.24,0.11,0.59,0.4,-11,-7
459,17,0.15,0.13,0.14,0.3,-6,-14
-6,50,-0.6,0.28,0.61,-1.2,-15,-14
-216,-24,-0.22,0.07,0.74,-0.5,-7,-5
292,-7,-0.33,0.03,0.26,-0.8,-14,5
-370,-8,0,-0.04,0.9,2.3,-11,-16
-91,-20,0.49,0.13,0.63,-0.8,-14,-11
-169,-33,0.38,-0.06,0.62,-0.8,-11,9
147,-14,0.37,0.12,0.42,0.7,-9,-10
298,-57,0.41,0.05,0.21,0.2,-6,6
275,-9,0.36,0.02,0.29,0.6,-11,5
80,4,-0.31,0.33,0.97,-0.4,-19,-14
551,24,0.22,0.12,0.01,-0.4,-8,5
0,-29,0.21,-0.17,0.48,1.4,-5,11
-113,-24,0.39,0.02,0.72,-0.6,-6,-1
73,43,-0.4,0.11,0.49,0.3,-6,-12
-64,2,-0.28,0.04,0.56,0.4,-9,4
-200,-7,-0.26,0.29,1.36,-0.4,-18,-16
200,-3,-0.05,0.26,0.67,1,-7,-14
151,42,0.22,0.04,0.38,-0.7,-7,-4
56,4,0.26,0.02,0.47,-0.8,-8,0
19,-32,-0.23,0.01,0.49,0.3,-6,0
92,-42,0.18,-0.01,0.4,-0.7,-14,10
115,19,0.34,-0.04,0.58,-1,-14,-2
-262,-14,-0.15,-0.04,0.86,1.1,-10,-13
19,-24,0.27,-0.01,0.49,-0.7,-13,8
-525,-47,-0.6,0.03,1,0.5,-7,-3
22,-45,-0.03,0.14,0.54,0.2,-18,-1
192,14,0.05,0.05,0.5,1.8,-6,-5
-455,2,-0.39,0.31,1.57,-0.2,-17,-23
-255,2,0.02,-0.11,0.69,1.8,-8,14
96,-29,0.24,-0.04,0.4,-1.4,-7,6
4,-26,-0.01,0.04,0.54,0.6,-7,-4
508,-34,-0.02,-0.18,-0.05,0.6,-9,23
-478,9,-0.14,0.07,0.96,0.8,-12,-1
-319,-13,0.53,-0.09,0.81,0.3,-8,13
43,-5,0.25,0.03,0.49,1.6,-9,-3
-118,-19,-0.46,-0.01,0.63,-0.4,-10,5
-25,-32,0.29,0.03,0.54,-0.5,-7,-2
776,1,-0.38,0.05,-0.19,0.5,-7,11
-173,-33,0.35,0.11,0.72,0.8,-10,-8
-345,-10,-0.28,0.05,0.85,-0.3,-12,-4
538,-54,-0.51,0.07,0.01,-0.6,-13,15
11,-23,-0.56,0.11,0.57,0.3,-10,-9
-105,16,0.15,0.07,0.62,-0.7,-9,-6
-170,-42,0.2,0,0.65,0.7,-6,2
136,-36,0.27,0.14,0.59,0.8,-12,2
37,-6,-0.2,0.24,1.07,-1.5,-17,-7
-100,-53,-0.51,0.14,0.72,-1,-17,-2
-8,-46,-0.14,-0.23,0.44,-1.1,-12,23
29,-69,-0.21,0.03,0.51,1.6,-13,5
-190,-27,0.25,0.12,1.17,2.6,-11,-12
-16,-34,-0.26,-0.02,0.52,0.7,-10,5
198,-38,0.04,0.06,0.37,0.6,-7,-5
-244,-21,-0.17,-0.08,0.66,0.5,-7,14
249,47,0.29,0.04,0.28,-0.5,-11,2
-56,13,-0.11,0.26,0.7,-1.2,-11,-25
-319,-2,-0.08,0.15,1.35,1,-15,2
74,-20,-0.19,0.12,0.45,0.9,-5,-12
126,-7,0.12,0.07,0.44,1.1,-9,-8
-295,-2,-0.04,0.09,0.8,-0.5,-7,-9
7,-9,-0.43,0.04,0.51,-0.5,-10,1
416,-21,-0.41,0.02,0.42,0.3,-16,9
-96,31,0.03,0.09,0.62,2.3,-6,-10
83,-50,-0.04,-0.03,0.42,-1,-9,3
186,25,-0.13,0.16,0.41,1.6,-9,-16
-32,-10,0.12,0.11,0.6,0.5,-10,-8
481,32,0.32,0.05,0.1,-0.2,-8,-9
-87,-10,0.01,-0.06,1.22,-1.6,-16,16
-33,1,0.14,0.09,0.82,0,-8,-7
511,24,0.1,0.21,0.2,0.7,-12,-7
100,-28,0.32,0,0.53,0.9,-9,3
-3,-2,0.45,0.18,0.57,1.4,-12,-13
390,-16,0.15,0.12,0.19,-0.2,-13,-5
-167,-30,0.1,0.07,2.18,-0.7,-15,-2
-62,-6,0.13,0.15,0.73,-0.9,-8,-14
-98,-24,-0.05,0.21,0.96,0.7,-19,-3
-273,-50,0.4,0.37,1.54,0.2,-17,-6
-53,-17,0.31,-0.02,0.56,0.3,-8,3
-44,-95,-0.26,-0.19,0.56,-0.4,-12,13
0,-46,0.06,-0.05,0.76,-1.2,-12,10
-145,-44,0.29,-0.12,0.6,1.4,-5,2
50,-17,-0.22,0.05,0.6,-0.5,-6,-7
-104,1,0.08,0.03,0.6,-2.1,-15,7
-168,-21,-0.35,-0.03,0.83,-0.4,-7,4
100,11,-0.16,0.02,0.43,-0.8,-7,-1
-44,39,-0.14,0.08,0.58,0.3,-13,-2
-29,-16,-0.39,0.23,1.1,0.5,-14,-13
-62,-27,-0.24,0.09,1.11,-0.5,-11,-5
-169,17,-0.49,0.07,0.69,-1.1,-11,-5
87,8,0.41,0.04,0.52,1,-13,5
119,-40,-0.69,0,0.36,-1.4,-19,17
70,-15,0.12,-0.08,0.4,-1.7,-14,19
400,-47,-0.35,-0.13,0.1,0.4,-8,16
-569,37,0.44,0.21,1.1,1.1,-14,-12
-175,-31,0.19,0.05,0.67,-0.7,-16,6
-157,-39,0.13,-0.1,0.65,0.4,-7,-5
508,-34,-0.32,0.34,0.19,0.6,-15,6
-91,-4,-0.11,0.06,0.58,1.1,-8,-5
-56,-15,0.25,-0.16,0.49,-0.7,-10,20
-195,-5,-0.21,-0.1,0.66,2.7,-3,11
-239,-14,-0.02,0.05,0.75,-1.4,-11,-1
-22,3,0.09,0.18,0.64,-0.3,-7,-24
344,-6,0.21,-0.06,0.19,0,-11,11
-84,-15,0.06,0.02,0.65,0.4,-10,3
-139,-5,-0.28,-0.06,0.93,0.5,-6,6
215,9,-0.3,-0.02,0.31,1.6,-4,2
634,-22,-0.04,0.36,0.16,1.1,-17,-4
-312,-45,-0.13,-0.03,0.94,1.7,-14,15
-22,66,-0.08,0.23,0.61,0.5,-8,-15
-327,21,-0.29,-0.03,0.81,-0.6,-10,5
-28,-36,-0.69,0.01,0.54,0.8,-12,6
363,-41,0.48,0.01,0.16,-0.8,-12,7
96,17,0.23,0.01,0.4,0.7,-5,0
37,-14,-0.09,0.11,0.52,-0.7,-17,1
225,-18,0.27,0.07,0.39,-1.9,-13,-2
-74,-7,-0.07,0.13,0.59,2.6,-8,-3
233,2,-0.08,0.13,0.32,0.3,-10,1
162,-39,-0.43,0.03,0.38,0.4,-7,-3
16,26,-0.06,0.05,0.53,0.2,-12,1
-159,-35,-0.51,0.1,1.76,0.2,-16,3
-165,-67,-0.21,0.22,0.75,0.6,-9,-21
118,18,0.2,0.28,0.69,1,-12,-25
78,-48,-0.19,0.05,0.46,-0.6,-12,1
-69,-11,-0.08,0.08,1.39,-0.6,-6,-6
281,-24,0.59,-0.04,0.43,-0.9,-9,8
457,38,0.63,0.33,0.18,-0.3,-18,-15
-419,-30,0.23,-0.05,0.85,-1.3,-17,19
25,18,-0.51,0.05,0.51,-0.2,-6,-8
-191,20,-0.17,-0.02,1.06,0.6,-18,12
293,-7,0.74,0.08,0.26,0.3,-10,6
174,-26,-0.09,0.07,0.66,-0.4,-13,1
94,-55,-0.46,-0.27,0.29,0.3,-8,31
-166,7,0.48,0.42,0.78,0.4,-10,-23
59,-14,0.22,0.14,0.51,0.3,-20,3
-75,8,0.03,-0.02,0.98,-0.6,-9,3
403,15,0.21,0.17,0.21,-0.7,-14,-12
-241,-59,-0.1,-0.18,0.69,0.6,-10,8
253,-18,0.17,0.06,0.31,-1.1,-12,0
389,-23,-0.05,0.04,0.5,1.6,-15,9
27,1,0.5,0.08,0.71,1.1,-12,-3
31,-85,-0.49,0,0.46,0.4,-13,10
268,18,0.33,0.28,0.9,-0.8,-17,-15
-310,-24,-0.04,-0.02,0.78,0.9,-10,10
-29,-27,-0.13,-0.03,0.65,1.6,-8,3
223,-54,0.04,-0.1,0.27,-1.1,-12,12
635,-43,-0.53,0.15,0.01,-0.9,-8,-16
37,21,-0.22,0.07,0.66,1.5,-6,-7
-184,-9,-0.21,-0.04,0.66,1.5,-6,-4
-26,-43,0.09,0.03,0.53,1.3,-9,1
-146,-38,0.22,0.03,0.62,1.1,-9,9
277,-24,0.22,0,0.27,-0.5,-7,2
-34,-16,-0.63,0.16,0.62,-1.4,-15,-11
205,-20,-0.39,0.14,0.5,-0.5,-19,2
-196,-16,0.59,0.18,0.77,0.1,-20,-9
46,-16,-0.28,-0.05,0.59,0.6,-6,6
-240,-20,-0.43,0.13,0.99,-0.4,-18,1
9,12,0.04,0.2,1.54,-1.2,-8,-15
-60,-25,0.26,0.02,0.57,1,-9,1
72,42,-0.17,0.2,0.82,-0.5,-6,-19
231,11,0.11,0.05,0.33,-1.7,-8,-7
-615,-15,-0.31,0.11,1.12,0.4,-15,-11
531,-32,0.42,0,0.18,0.4,-18,14
98,2,0.41,0.11,0.5,-0.9,-17,-2
372,4,-0.57,0.01,0.17,0.9,-12,4
338,-14,-0.2,-0.04,0.2,-0.5,-10,8
-249,-34,-0.08,0.1,0.78,0.5,-6,-11
-312,-1,0.01,0.02,0.8,0.4,-6,-2
-90,56,0.26,0.11,0.63,-0.8,-12,-7
151,-33,0.48,0.14,0.43,-0.9,-12,-10
-399,-8,-0.36,-0.13,0.8,-0.7,-7,15
-113,22,-0.18,0.06,0.6,0.7,-5,-7
-276,-34,-0.36,0.05,0.77,-1.6,-8,-5
-467,29,0.22,0.24,1.03,-0.7,-11,-22
-53,-19,-0.32,0.08,1.01,-0.4,-10,-3
-220,8,0.07,0.1,0.89,-1.8,-8,-9
-47,-9,0.82,0.29,0.76,-0.3,-18,-14
290,-11,0.36,-0.01,0.26,0.5,-7,2
-110,25,0.14,0.25,0.68,-0.3,-15,-17
-700,3,0.25,-0.05,1.08,0.6,-5,15
377,-5,-0.11,0.11,0.2,-1.6,-14,-3
504,1,0.08,-0.05,0.02,-0.5,-8,5
198,20,0.06,0.33,0.5,1.6,-9,-29
-81,-10,0.34,-0.13,0.8,0.4,-7,7
209,-41,-0.13,-0.12,0.26,-1.7,-13,19
-522,-12,-0.06,0.09,1.23,0.3,-6,-9
394,1,0.24,-0.12,0.07,-0.4,-6,14
47,16,0.14,0,0.44,-0.8,-7,2
-216,-22,-0.18,0.23,1.5,-0.5,-17,-5
685,23,0.46,0.3,-0.03,0.1,-8,-15
400,6,0.21,0.05,0.15,-0.5,-6,-5
-156,-12,-0.1,0.05,0.7,1.1,-11,-3
-329,-33,-0.28,0.18,1.08,0.6,-15,-9
-73,-2,0.16,0.04,0.59,-0.6,-10,0
53,-14,-0.15,0.11,1.08,-0.6,-13,-3
-17,-25,0.13,-0.14,0.5,-0.6,-6,7
-94,-6,0.23,0.32,1.03,1.4,-18,-18
53,-24,0.25,-0.03,0.43,0.6,-9,6
133,2,0.24,0.17,0.44,-1.8,-20,-6
144,-15,-0.64,0.27,0.46,0,-15,-21
-190,-52,-0.23,-0.05,0.67,1.4,-12,3
19,-30,-0.13,0.08,0.96,1.7,-17,10
-80,-17,0.2,-0.04,0.7,-0.8,-10,11
168,16,-0.3,-0.07,0.35,-0.5,-8,7
-158,-61,-0.45,0.06,0.76,0.5,-18,8
125,-19,-0.24,0.09,0.41,-0.6,-7,-7
-242,-11,-0.28,0.05,0.74,0.5,-13,1
-80,4,0.02,0.24,0.65,-2.3,-21,-5
-81,28,-0.45,0.1,0.62,0.9,-9,-10
-390,-23,-0.29,-0.12,0.85,2.2,-10,7
-227,-41,0.27,-0.08,0.69,-0.5,-6,8
410,23,-0.06,-0.05,0.11,-0.7,-7,5
312,-9,0.02,0.16,0.27,0.6,-12,0
101,-2,-0.29,-0.07,0.38,0.5,-6,8
-70,-6,-0.2,0.02,0.84,-0.5,-7,3
-197,-27,0.39,-0.15,0.7,0.2,-7,24
-400,-81,-0.13,-0.07,0.8,1.5,-5,12
